0.001   -84.8432   -2.94473
0.002   -40.9914   -1.45706
0.003   -26.5192   -0.961494
0.004   -19.3405   -0.713916
0.005   -15.0682   -0.565449
0.006   -12.2486   -0.466601
0.007   -10.2473   -0.396047
0.008   -8.75968   -0.343229
0.009   -7.61044   -0.302195
0.01   -6.69733   -0.269411
0.011   -5.95705   -0.24263
0.012   -5.34473   -0.22035
0.013   -4.82958   -0.201531
0.014   -4.39071   -0.185429
0.015   -4.01275   -0.171501
0.016   -3.68491   -0.159328
0.017   -3.39729   -0.14861
0.018   -3.14307   -0.139105
0.019   -2.9169   -0.130619
0.02   -2.71453   -0.122999
0.021   -2.53251   -0.116119
0.022   -2.36813   -0.109872
0.023   -2.2191   -0.104171
0.024   -2.08321   -0.098961
0.025   -1.95886   -0.0941809
0.026   -1.84469   -0.0897806
0.027   -1.73954   -0.0857171
0.028   -1.64242   -0.0819535
0.029   -1.55247   -0.0784582
0.03   -1.46897   -0.0752038
0.031   -1.39126   -0.072165
0.032   -1.31877   -0.06931
0.033   -1.25103   -0.0666371
0.034   -1.1876   -0.0641297
0.035   -1.12811   -0.061773
0.036   -1.0722   -0.0595541
0.037   -1.01958   -0.0574614
0.038   -0.969984   -0.0554845
0.039   -0.923157   -0.0536143
0.04   -0.878886   -0.0518425
0.041   -0.836975   -0.0501616
0.042   -0.797246   -0.0485649
0.043   -0.759539   -0.0470463
0.044   -0.723594   -0.0455947
0.045   -0.689322   -0.0442072
0.046   -0.656714   -0.0428847
0.047   -0.625657   -0.0416227
0.048   -0.596047   -0.0404173
0.049   -0.567787   -0.0392648
0.05   -0.540791   -0.038162
0.051   -0.514979   -0.0371056
0.052   -0.490276   -0.0360929
0.053   -0.466615   -0.0351213
0.054   -0.443933   -0.0341884
0.055   -0.422171   -0.0332919
0.056   -0.401277   -0.0324298
0.057   -0.381201   -0.0316003
0.058   -0.361896   -0.0308014
0.059   -0.343319   -0.0300316
0.06   -0.325432   -0.0292893
0.061   -0.307875   -0.0285681
0.062   -0.290933   -0.0278715
0.063   -0.274629   -0.0271994
0.064   -0.258927   -0.0265504
0.065   -0.243796   -0.0259234
0.066   -0.229207   -0.0253174
0.067   -0.215132   -0.0247313
0.068   -0.201544   -0.0241642
0.069   -0.188419   -0.0236152
0.07   -0.175734   -0.0230834
0.071   -0.163468   -0.0225682
0.072   -0.151601   -0.0220687
0.073   -0.140113   -0.0215843
0.074   -0.128986   -0.0211143
0.075   -0.118204   -0.0206581
0.076   -0.107751   -0.0202152
0.077   -0.0976117   -0.0197848
0.078   -0.0877722   -0.0193666
0.079   -0.078219   -0.0189601
0.08   -0.0689396   -0.0185648
0.081   -0.0599219   -0.0181801
0.082   -0.0508737   -0.017804
0.083   -0.0419125   -0.0174369
0.084   -0.0332341   -0.0170797
0.085   -0.024826   -0.0167319
0.086   -0.0166763   -0.0163933
0.087   -0.00877382   -0.0160635
0.088   -0.00110787   -0.0157422
0.089   0.00633164   -0.015429
0.09   0.0135543   -0.0151237
0.091   0.0205692   -0.014826
0.092   0.0273849   -0.0145357
0.093   0.0340097   -0.0142524
0.094   0.0404515   -0.0139759
0.095   0.0467175   -0.013706
0.096   0.0528149   -0.0134425
0.097   0.0587505   -0.0131852
0.098   0.0645306   -0.0129338
0.099   0.0701614   -0.0126881
0.1   0.0756486   -0.0124481
0.101   0.0809979   -0.0122134
0.102   0.0862146   -0.011984
0.103   0.0913038   -0.0117596
0.104   0.0962702   -0.0115402
0.105   0.101119   -0.0113255
0.106   0.105853   -0.0111154
0.107   0.110479   -0.0109097
0.108   0.1153   -0.0107076
0.109   0.120085   -0.0105096
0.11   0.124734   -0.0103157
0.111   0.129254   -0.0101259
0.112   0.13365   -0.00994003
0.113   0.137925   -0.009758
0.114   0.142085   -0.00957971
0.115   0.146133   -0.00940503
0.116   0.150073   -0.00923388
0.117   0.15391   -0.00906615
0.118   0.157647   -0.00890176
0.119   0.161287   -0.00874061
0.12   0.164834   -0.00858262
0.121   0.168291   -0.0084277
0.122   0.171662   -0.00827577
0.123   0.174948   -0.00812676
0.124   0.178154   -0.00798058
0.125   0.181282   -0.00783718
0.126   0.184335   -0.00769647
0.127   0.187315   -0.00755839
0.128   0.190224   -0.00742288
0.129   0.193065   -0.00728987
0.13   0.195841   -0.0071593
0.131   0.198552   -0.00703112
0.132   0.201203   -0.00690526
0.133   0.203794   -0.00678167
0.134   0.206328   -0.00666031
0.135   0.208806   -0.0065411
0.136   0.21123   -0.00642402
0.137   0.213655   -0.00630906
0.138   0.216259   -0.00619641
0.139   0.21879   -0.0060857
0.14   0.221251   -0.0059769
0.141   0.223644   -0.00586996
0.142   0.225972   -0.00576485
0.143   0.228235   -0.00566153
0.144   0.230437   -0.00555995
0.145   0.232578   -0.00546008
0.146   0.234661   -0.00536188
0.147   0.236688   -0.00526533
0.148   0.238659   -0.00517039
0.149   0.240577   -0.00507702
0.15   0.242443   -0.00498519
0.151   0.244259   -0.00489488
0.152   0.246026   -0.00480605
0.153   0.247745   -0.00471867
0.154   0.249417   -0.00463272
0.155   0.251045   -0.00454817
0.156   0.252629   -0.004465
0.157   0.25417   -0.00438317
0.158   0.25567   -0.00430267
0.159   0.257129   -0.00422346
0.16   0.258549   -0.00414553
0.161   0.259931   -0.00406886
0.162   0.261275   -0.00399341
0.163   0.262583   -0.00391918
0.164   0.263856   -0.00384613
0.165   0.265095   -0.00377425
0.166   0.266299   -0.00370353
0.167   0.267471   -0.00363393
0.168   0.268611   -0.00356545
0.169   0.269781   -0.00349882
0.17   0.270968   -0.00343389
0.171   0.272117   -0.00336991
0.172   0.273229   -0.00330687
0.173   0.274304   -0.00324474
0.174   0.275343   -0.00318353
0.175   0.276347   -0.00312322
0.176   0.277317   -0.00306378
0.177   0.278253   -0.00300522
0.178   0.279156   -0.00294752
0.179   0.280027   -0.00289066
0.18   0.280866   -0.00283463
0.181   0.281673   -0.00277943
0.182   0.28245   -0.00272504
0.183   0.283198   -0.00267146
0.184   0.283915   -0.00261866
0.185   0.284604   -0.00256665
0.186   0.285264   -0.0025154
0.187   0.285895   -0.00246492
0.188   0.2865   -0.0024152
0.189   0.287077   -0.00236621
0.19   0.287627   -0.00231797
0.191   0.288151   -0.00227045
0.192   0.288648   -0.00222365
0.193   0.28912   -0.00217756
0.194   0.289566   -0.00213217
0.195   0.289988   -0.00208748
0.196   0.290384   -0.00204348
0.197   0.290756   -0.00200016
0.198   0.291103   -0.00195752
0.199   0.291426   -0.00191555
0.2   0.291726   -0.00187424
0.201   0.291919   -0.00183539
0.202   0.292096   -0.00179707
0.203   0.292255   -0.00175925
0.204   0.292397   -0.00172195
0.205   0.292521   -0.00168514
0.206   0.292629   -0.00164884
0.207   0.292719   -0.00161303
0.208   0.292792   -0.00157772
0.209   0.292849   -0.0015429
0.21   0.292888   -0.00150856
0.211   0.292911   -0.0014747
0.212   0.292916   -0.00144133
0.213   0.292905   -0.00140843
0.214   0.292876   -0.001376
0.215   0.29283   -0.00134405
0.216   0.292767   -0.00131256
0.217   0.292687   -0.00128154
0.218   0.292589   -0.00125099
0.219   0.292473   -0.0012209
0.22   0.29234   -0.00119126
0.221   0.292189   -0.00116209
0.222   0.292021   -0.00113337
0.223   0.291833   -0.00110511
0.224   0.291628   -0.0010773
0.225   0.291404   -0.00104994
0.226   0.291161   -0.00102304
0.227   0.290899   -0.000996583
0.228   0.290617   -0.000970577
0.229   0.290316   -0.000945019
0.23   0.289863   -0.00092117
0.231   0.289363   -0.000898016
0.232   0.288857   -0.00087518
0.233   0.288342   -0.000852664
0.234   0.28782   -0.000830467
0.235   0.287289   -0.000808589
0.236   0.286749   -0.00078703
0.237   0.286201   -0.000765789
0.238   0.285642   -0.000744867
0.239   0.285074   -0.000724264
0.24   0.284495   -0.000703979
0.241   0.283905   -0.000684014
0.242   0.283304   -0.000664369
0.243   0.282691   -0.000645044
0.244   0.282065   -0.000626039
0.245   0.281426   -0.000607356
0.246   0.280773   -0.000588995
0.247   0.280106   -0.000570956
0.248   0.279424   -0.000553241
0.249   0.278726   -0.000535851
0.25   0.278012   -0.000518787
0.251   0.277281   -0.00050205
0.252   0.276532   -0.00048564
0.253   0.275765   -0.000469561
0.254   0.274978   -0.000453813
0.255   0.274078   -0.000438867
0.256   0.27305   -0.000424789
0.257   0.272019   -0.000410952
0.258   0.270984   -0.000397357
0.259   0.269944   -0.000384005
0.26   0.2689   -0.000370896
0.261   0.267849   -0.000358032
0.262   0.266791   -0.000345412
0.263   0.265725   -0.000333038
0.264   0.264651   -0.000320911
0.265   0.263567   -0.000309031
0.266   0.262472   -0.000297399
0.267   0.261366   -0.000286017
0.268   0.260247   -0.000274885
0.269   0.259114   -0.000264004
0.27   0.257966   -0.000253376
0.271   0.256801   -0.000243
0.272   0.255619   -0.000232878
0.273   0.254419   -0.00022301
0.274   0.253198   -0.000213399
0.275   0.251955   -0.000204044
0.276   0.250557   -0.00019512
0.277   0.249096   -0.000186505
0.278   0.24763   -0.000178121
0.279   0.246156   -0.000169969
0.28   0.244673   -0.000162048
0.281   0.243181   -0.000154358
0.282   0.241678   -0.000146899
0.283   0.240162   -0.000139669
0.284   0.238631   -0.000132668
0.285   0.237085   -0.000125894
0.286   0.235521   -0.000119347
0.287   0.233937   -0.000113024
0.288   0.232332   -0.000106923
0.289   0.230703   -0.000101042
0.29   0.229048   -9.5378e-05
0.291   0.227365   -8.99268e-05
0.292   0.225582   -8.44409e-05
0.293   0.223717   -7.89917e-05
0.294   0.221835   -7.38075e-05
0.295   0.219933   -6.88852e-05
0.296   0.218009   -6.42213e-05
0.297   0.216061   -5.98116e-05
0.298   0.214085   -5.56509e-05
0.299   0.21208   -5.17327e-05
0.3   0.210041   -4.80495e-05
0.301   0.207967   -4.45923e-05
0.302   0.205852   -4.13504e-05
0.303   0.203694   -3.83108e-05
0.304   0.201462   -3.51292e-05
0.305   0.199141   -3.1683e-05
0.306   0.196778   -2.85554e-05
0.307   0.194366   -2.57366e-05
0.308   0.191902   -2.32142e-05
0.309   0.18938   -2.09724e-05
0.31   0.186796   -1.89917e-05
0.311   0.184142   -1.72472e-05
0.312   0.181413   -1.57081e-05
0.313   0.178595   -1.37786e-05
0.314   0.175683   -1.16313e-05
0.315   0.172672   -9.87103e-06
0.316   0.169552   -8.47069e-06
0.317   0.166311   -7.3928e-06
0.318   0.162936   -6.58618e-06
0.319   0.159421   -5.79839e-06
0.32   0.155773   -4.32098e-06
0.321   0.151919   -3.32109e-06
0.322   0.147833   -2.73674e-06
0.323   0.143483   -2.47103e-06
0.324   0.138881   -1.68684e-06
0.325   0.133915   -1.07597e-06
0.326   0.128484   -9.41705e-07
0.327   0.122565   -5.50439e-07
0.328   0.115931   -3.06685e-07
0.329   0.108338   -1.66294e-07
0.33   0.099349   -1.29495e-07
0.331   0.0882259   -3.57266e-08
0.332   0.072892   1.4402e-08
0.333   0.0443708   -1.77368e-10
