0.001   -315.466   -140.315   -54.7898   -24.3507
0.002   -155.362   -69.1844   -27.2896   -12.1274
0.003   -102.193   -45.5561   -18.1309   -8.0536
0.004   -75.7068   -33.788   -13.5511   -6.01726
0.005   -59.8636   -26.7474   -10.8038   -4.79541
0.006   -49.3451   -22.0684   -8.97406   -3.98148
0.007   -41.8473   -18.7356   -7.66724   -3.39977
0.008   -36.2459   -16.2458   -6.68799   -2.96379
0.009   -31.8999   -14.3149   -5.9267   -2.62465
0.01   -28.4312   -12.7743   -5.31796   -2.35331
0.011   -25.603   -11.5179   -4.8204   -2.13144
0.012   -23.2545   -10.4745   -4.40621   -1.94669
0.013   -21.2713   -9.59363   -4.05586   -1.79035
0.014   -19.5753   -8.84053   -3.75572   -1.65637
0.015   -18.1091   -8.18955   -3.49576   -1.54029
0.016   -16.8312   -7.62166   -3.26855   -1.43888
0.017   -15.7074   -7.12201   -3.06825   -1.3495
0.018   -14.7104   -6.67899   -2.89031   -1.27004
0.019   -13.8203   -6.28359   -2.73119   -1.19895
0.02   -13.0209   -5.92864   -2.58808   -1.13497
0.021   -12.2994   -5.60831   -2.45869   -1.0771
0.022   -11.645   -5.31786   -2.34116   -1.0245
0.023   -11.0497   -5.05329   -2.23402   -0.976547
0.024   -10.506   -4.81136   -2.13597   -0.932644
0.025   -10.0068   -4.58937   -2.04579   -0.892255
0.026   -9.54688   -4.38501   -1.96257   -0.854977
0.027   -9.12189   -4.19629   -1.88555   -0.820467
0.028   -8.72809   -4.0215   -1.81406   -0.788432
0.029   -8.36225   -3.8592   -1.74754   -0.758616
0.03   -8.02155   -3.7081   -1.68548   -0.730799
0.031   -7.70356   -3.56712   -1.62746   -0.704789
0.032   -7.40613   -3.43528   -1.5731   -0.680417
0.033   -7.12751   -3.31172   -1.52212   -0.657537
0.034   -6.86616   -3.19566   -1.47429   -0.636024
0.035   -6.62025   -3.08652   -1.42919   -0.61575
0.036   -6.3885   -2.98371   -1.38659   -0.596614
0.037   -6.16975   -2.8867   -1.34629   -0.578522
0.038   -5.96296   -2.79504   -1.30811   -0.561392
0.039   -5.76721   -2.70829   -1.27189   -0.545151
0.04   -5.58166   -2.62608   -1.23749   -0.529733
0.041   -5.40556   -2.54808   -1.20477   -0.515076
0.042   -5.23822   -2.47396   -1.17361   -0.501127
0.043   -5.07903   -2.40347   -1.14391   -0.487837
0.044   -4.92742   -2.33634   -1.11557   -0.47516
0.045   -4.78287   -2.27234   -1.08849   -0.463055
0.046   -4.64493   -2.21127   -1.0626   -0.451485
0.047   -4.51317   -2.15293   -1.03781   -0.440416
0.048   -4.38751   -2.09701   -1.01429   -0.429821
0.049   -4.26728   -2.04349   -0.991748   -0.419666
0.05   -4.15208   -1.99224   -0.970082   -0.409925
0.051   -4.04161   -1.94313   -0.949242   -0.400572
0.052   -3.93559   -1.89603   -0.929183   -0.391586
0.053   -3.83377   -1.85082   -0.909862   -0.382946
0.054   -3.7359   -1.8074   -0.89124   -0.374632
0.055   -3.64179   -1.76566   -0.873279   -0.366626
0.056   -3.55121   -1.72551   -0.855946   -0.358913
0.057   -3.46398   -1.68686   -0.839209   -0.351475
0.058   -3.37992   -1.64963   -0.823038   -0.3443
0.059   -3.29888   -1.61375   -0.807404   -0.337374
0.06   -3.22069   -1.57914   -0.792283   -0.330683
0.061   -3.14522   -1.54575   -0.777649   -0.324218
0.062   -3.07232   -1.51351   -0.763479   -0.317965
0.063   -3.00189   -1.48236   -0.749752   -0.311916
0.064   -2.93379   -1.45225   -0.736449   -0.306061
0.065   -2.86791   -1.42314   -0.723549   -0.300391
0.066   -2.80416   -1.39496   -0.711035   -0.294896
0.067   -2.74244   -1.36769   -0.698891   -0.28957
0.068   -2.6827   -1.34118   -0.687265   -0.284399
0.069   -2.62484   -1.31544   -0.676084   -0.279378
0.07   -2.56874   -1.2905   -0.665192   -0.274506
0.071   -2.51431   -1.26633   -0.654577   -0.269775
0.072   -2.4615   -1.24288   -0.644231   -0.26518
0.073   -2.41024   -1.22014   -0.634142   -0.260716
0.074   -2.36045   -1.19808   -0.624301   -0.256376
0.075   -2.31208   -1.17665   -0.6147   -0.252156
0.076   -2.26507   -1.15584   -0.60533   -0.248052
0.077   -2.21937   -1.13562   -0.596182   -0.244057
0.078   -2.17492   -1.11597   -0.58725   -0.240169
0.079   -2.13168   -1.09686   -0.578526   -0.236383
0.08   -2.0896   -1.07828   -0.570002   -0.232695
0.081   -2.04864   -1.0602   -0.561672   -0.229101
0.082   -2.00875   -1.0426   -0.55353   -0.225599
0.083   -1.96989   -1.02546   -0.545569   -0.222184
0.084   -1.93203   -1.00877   -0.537784   -0.218853
0.085   -1.89513   -0.992508   -0.530168   -0.215603
0.086   -1.85916   -0.976662   -0.522717   -0.212433
0.087   -1.82407   -0.961214   -0.515425   -0.209337
0.088   -1.78985   -0.94615   -0.508288   -0.206315
0.089   -1.75646   -0.931458   -0.5013   -0.203363
0.09   -1.72387   -0.917122   -0.494456   -0.20048
0.091   -1.69206   -0.903132   -0.487754   -0.197662
0.092   -1.66099   -0.889475   -0.481187   -0.194908
0.093   -1.63065   -0.87614   -0.474753   -0.192216
0.094   -1.60101   -0.863116   -0.468447   -0.189583
0.095   -1.57205   -0.850391   -0.462266   -0.187008
0.096   -1.54378   -0.837887   -0.456372   -0.18448
0.097   -1.51616   -0.825626   -0.450682   -0.182001
0.098   -1.48916   -0.813648   -0.445083   -0.179576
0.099   -1.46274   -0.801942   -0.439572   -0.177202
0.1   -1.4369   -0.7905   -0.434147   -0.174879
0.101   -1.41161   -0.779313   -0.428808   -0.172605
0.102   -1.38685   -0.768373   -0.423551   -0.170378
0.103   -1.36262   -0.757673   -0.418375   -0.168197
0.104   -1.33889   -0.747205   -0.413278   -0.16606
0.105   -1.31565   -0.736961   -0.408258   -0.163967
0.106   -1.29288   -0.726935   -0.403315   -0.161915
0.107   -1.27058   -0.717121   -0.398445   -0.159904
0.108   -1.24873   -0.707511   -0.393648   -0.157933
0.109   -1.22731   -0.6981   -0.388922   -0.156
0.11   -1.20632   -0.688882   -0.384266   -0.154104
0.111   -1.18574   -0.679851   -0.379678   -0.152244
0.112   -1.16555   -0.671002   -0.375156   -0.15042
0.113   -1.14576   -0.662329   -0.3707   -0.14863
0.114   -1.12635   -0.653828   -0.366307   -0.146873
0.115   -1.1073   -0.645494   -0.361977   -0.145149
0.116   -1.08861   -0.637321   -0.357708   -0.143456
0.117   -1.07027   -0.629306   -0.353499   -0.141794
0.118   -1.05227   -0.621445   -0.34935   -0.140162
0.119   -1.0346   -0.613732   -0.345257   -0.138559
0.12   -1.01725   -0.606163   -0.341221   -0.136984
0.121   -1.00022   -0.598736   -0.337241   -0.135437
0.122   -0.983492   -0.591446   -0.333314   -0.133917
0.123   -0.967061   -0.58429   -0.329441   -0.132423
0.124   -0.950921   -0.577264   -0.32562   -0.130954
0.125   -0.935063   -0.570364   -0.32185   -0.129511
0.126   -0.919481   -0.563588   -0.31813   -0.128092
0.127   -0.904168   -0.556932   -0.31446   -0.126696
0.128   -0.889118   -0.550393   -0.310837   -0.125324
0.129   -0.874323   -0.543968   -0.307262   -0.123974
0.13   -0.859779   -0.537655   -0.303733   -0.122646
0.131   -0.845478   -0.53145   -0.300249   -0.12134
0.132   -0.831415   -0.525351   -0.29681   -0.120055
0.133   -0.817591   -0.519348   -0.293434   -0.118789
0.134   -0.804044   -0.513377   -0.290266   -0.117533
0.135   -0.790715   -0.507509   -0.287127   -0.116298
0.136   -0.777598   -0.501742   -0.284018   -0.115083
0.137   -0.76469   -0.496074   -0.280938   -0.113887
0.138   -0.751985   -0.490502   -0.277886   -0.112709
0.139   -0.739478   -0.485024   -0.274863   -0.111551
0.14   -0.727166   -0.479637   -0.271867   -0.11041
0.141   -0.715043   -0.47434   -0.2689   -0.109287
0.142   -0.703107   -0.46913   -0.26596   -0.108181
0.143   -0.691351   -0.464005   -0.263046   -0.107092
0.144   -0.679774   -0.458964   -0.26016   -0.10602
0.145   -0.66837   -0.454003   -0.2573   -0.104963
0.146   -0.657137   -0.449123   -0.254466   -0.103923
0.147   -0.64607   -0.44432   -0.251657   -0.102898
0.148   -0.635166   -0.439593   -0.248875   -0.101887
0.149   -0.624421   -0.43494   -0.246117   -0.100892
0.15   -0.613832   -0.430359   -0.243384   -0.0999111
0.151   -0.603397   -0.42585   -0.240676   -0.0989443
0.152   -0.593111   -0.42141   -0.237992   -0.0979913
0.153   -0.582971   -0.417037   -0.235332   -0.0970519
0.154   -0.572976   -0.412731   -0.232695   -0.0961258
0.155   -0.563121   -0.40849   -0.230082   -0.0952127
0.156   -0.553403   -0.404313   -0.227492   -0.0943123
0.157   -0.543821   -0.400198   -0.224925   -0.0934243
0.158   -0.534372   -0.396143   -0.22238   -0.0925486
0.159   -0.525052   -0.392149   -0.219858   -0.0916849
0.16   -0.515859   -0.388212   -0.217358   -0.0908328
0.161   -0.506791   -0.384333   -0.214879   -0.0899923
0.162   -0.497845   -0.380509   -0.212421   -0.089163
0.163   -0.489019   -0.376741   -0.209985   -0.0883448
0.164   -0.48031   -0.373026   -0.20757   -0.0875375
0.165   -0.471717   -0.369363   -0.205176   -0.0867407
0.166   -0.463237   -0.365752   -0.202801   -0.0859544
0.167   -0.454868   -0.362192   -0.200447   -0.0851782
0.168   -0.446608   -0.358681   -0.198113   -0.0844121
0.169   -0.438454   -0.355218   -0.195799   -0.0836559
0.17   -0.430405   -0.351803   -0.193504   -0.0829092
0.171   -0.42246   -0.348435   -0.191228   -0.0821721
0.172   -0.414615   -0.345112   -0.188971   -0.0814442
0.173   -0.406869   -0.341834   -0.186733   -0.0807255
0.174   -0.39922   -0.3386   -0.184513   -0.0800157
0.175   -0.391667   -0.335409   -0.182311   -0.0793146
0.176   -0.384208   -0.332261   -0.180128   -0.0786222
0.177   -0.37684   -0.329153   -0.177962   -0.0779383
0.178   -0.369563   -0.326087   -0.175814   -0.0772627
0.179   -0.362375   -0.32306   -0.173684   -0.0765952
0.18   -0.355274   -0.320072   -0.17157   -0.0759358
0.181   -0.348259   -0.317123   -0.169473   -0.0752842
0.182   -0.341336   -0.31419   -0.167425   -0.0746362
0.183   -0.334502   -0.31127   -0.165424   -0.0739913
0.184   -0.32775   -0.308389   -0.163437   -0.0733543
0.185   -0.321076   -0.305546   -0.161462   -0.0727251
0.186   -0.31448   -0.30274   -0.159501   -0.0721036
0.187   -0.30796   -0.299971   -0.157552   -0.0714895
0.188   -0.301516   -0.297238   -0.155615   -0.0708829
0.189   -0.295145   -0.29454   -0.153692   -0.0702835
0.19   -0.288847   -0.291877   -0.15178   -0.0696912
0.191   -0.28262   -0.289247   -0.149881   -0.0691059
0.192   -0.276464   -0.286652   -0.147994   -0.0685275
0.193   -0.270376   -0.284089   -0.146119   -0.0679559
0.194   -0.264356   -0.281558   -0.144256   -0.0673909
0.195   -0.258403   -0.279059   -0.142405   -0.0668324
0.196   -0.252516   -0.276591   -0.140566   -0.0662804
0.197   -0.246693   -0.274153   -0.138738   -0.0657346
0.198   -0.240934   -0.271746   -0.136922   -0.0651951
0.199   -0.235237   -0.269368   -0.135117   -0.0646617
0.2   -0.229602   -0.267019   -0.133323   -0.0641343
0.201   -0.224028   -0.264698   -0.131541   -0.0636128
0.202   -0.218512   -0.262405   -0.12977   -0.0630971
0.203   -0.213056   -0.26014   -0.128009   -0.0625872
0.204   -0.207657   -0.257902   -0.12626   -0.0620828
0.205   -0.202315   -0.255691   -0.124521   -0.061584
0.206   -0.197029   -0.253506   -0.122793   -0.0610906
0.207   -0.191797   -0.251346   -0.121076   -0.0606026
0.208   -0.18662   -0.249212   -0.119369   -0.0601199
0.209   -0.181496   -0.247102   -0.117672   -0.0596423
0.21   -0.176425   -0.245017   -0.115986   -0.0591699
0.211   -0.171405   -0.242957   -0.11431   -0.0587024
0.212   -0.166436   -0.240919   -0.112644   -0.05824
0.213   -0.161517   -0.238905   -0.110988   -0.0577824
0.214   -0.156648   -0.236914   -0.109341   -0.0573295
0.215   -0.151827   -0.234946   -0.107705   -0.0568814
0.216   -0.147054   -0.232999   -0.106078   -0.056438
0.217   -0.142328   -0.231075   -0.104461   -0.0559991
0.218   -0.137649   -0.229172   -0.102854   -0.0555648
0.219   -0.133015   -0.22729   -0.101256   -0.0551348
0.22   -0.128427   -0.225428   -0.0996667   -0.0547093
0.221   -0.123882   -0.223588   -0.0980872   -0.054288
0.222   -0.119382   -0.221767   -0.0965168   -0.053871
0.223   -0.114924   -0.219966   -0.0949554   -0.0534582
0.224   -0.11051   -0.218185   -0.0934031   -0.0530495
0.225   -0.106136   -0.216423   -0.0918596   -0.0526448
0.226   -0.101805   -0.21468   -0.0903249   -0.0522442
0.227   -0.0975133   -0.212955   -0.088799   -0.0518474
0.228   -0.0932621   -0.211249   -0.0872817   -0.0514546
0.229   -0.0890504   -0.209561   -0.0857729   -0.0510656
0.23   -0.0848776   -0.207891   -0.0842726   -0.0506803
0.231   -0.0807431   -0.206238   -0.0827807   -0.0502988
0.232   -0.0766465   -0.204603   -0.0812971   -0.0499209
0.233   -0.0725871   -0.202984   -0.0798218   -0.0495466
0.234   -0.0685645   -0.201383   -0.0783546   -0.0491759
0.235   -0.0645781   -0.199798   -0.0768954   -0.0488087
0.236   -0.0606275   -0.198229   -0.0754442   -0.048445
0.237   -0.056712   -0.196676   -0.074001   -0.0480846
0.238   -0.0528313   -0.195139   -0.0725656   -0.0477276
0.239   -0.0489848   -0.193617   -0.0711379   -0.047374
0.24   -0.0451721   -0.192111   -0.0697179   -0.0470236
0.241   -0.0413927   -0.19062   -0.0683056   -0.0466764
0.242   -0.0376352   -0.189139   -0.0668903   -0.046331
0.243   -0.0338664   -0.187653   -0.0654414   -0.0459834
0.244   -0.0301318   -0.186184   -0.0640021   -0.0456392
0.245   -0.026431   -0.184729   -0.0625721   -0.0452983
0.246   -0.0227634   -0.183289   -0.0611515   -0.0449607
0.247   -0.0191286   -0.181864   -0.05974   -0.0446263
0.248   -0.0155262   -0.180454   -0.0583376   -0.0442951
0.249   -0.0119557   -0.179058   -0.0569442   -0.043967
0.25   -0.0084167   -0.177676   -0.0555597   -0.043642
0.251   -0.00490872   -0.176309   -0.054184   -0.0433201
0.252   -0.00143136   -0.174955   -0.0528169   -0.0430012
0.253   0.0020158   -0.173614   -0.0514584   -0.0426853
0.254   0.00543317   -0.172287   -0.0501084   -0.0423723
0.255   0.00882114   -0.170973   -0.0487668   -0.0420622
0.256   0.0121801   -0.169673   -0.0474335   -0.0417549
0.257   0.0155105   -0.168385   -0.0461084   -0.0414505
0.258   0.0188127   -0.167109   -0.0447913   -0.0411489
0.259   0.022087   -0.165847   -0.0434823   -0.04085
0.26   0.0253338   -0.164596   -0.0421812   -0.0405538
0.261   0.0285535   -0.163358   -0.040888   -0.0402603
0.262   0.0317465   -0.162132   -0.0396024   -0.0399694
0.263   0.0349131   -0.160917   -0.0383246   -0.0396811
0.264   0.0380536   -0.159714   -0.0370543   -0.0393954
0.265   0.0411685   -0.158523   -0.0357915   -0.0391122
0.266   0.0442579   -0.157343   -0.034536   -0.0388315
0.267   0.0473223   -0.156174   -0.033288   -0.0385533
0.268   0.050362   -0.155017   -0.0320471   -0.0382775
0.269   0.0533774   -0.15387   -0.0308134   -0.0380041
0.27   0.0563686   -0.152734   -0.0295868   -0.0377331
0.271   0.0593361   -0.151609   -0.0283672   -0.0374645
0.272   0.0622801   -0.150494   -0.0271545   -0.0371981
0.273   0.065201   -0.149389   -0.0259487   -0.0369341
0.274   0.068099   -0.148295   -0.0247496   -0.0366723
0.275   0.0709745   -0.14721   -0.0235572   -0.0364127
0.276   0.0738277   -0.146136   -0.0223715   -0.0361554
0.277   0.0766588   -0.145072   -0.0211923   -0.0359002
0.278   0.0794683   -0.144017   -0.0200196   -0.0356471
0.279   0.0822564   -0.142972   -0.0188532   -0.0353962
0.28   0.0850233   -0.141936   -0.0176933   -0.0351474
0.281   0.0877692   -0.140909   -0.0165396   -0.0349006
0.282   0.0904946   -0.139892   -0.0153921   -0.0346559
0.283   0.0931996   -0.138884   -0.0142507   -0.0344132
0.284   0.0958844   -0.137885   -0.0131154   -0.0341725
0.285   0.0985494   -0.136894   -0.0119861   -0.0339337
0.286   0.101195   -0.135913   -0.0108627   -0.0336969
0.287   0.103821   -0.13494   -0.00974518   -0.033462
0.288   0.106428   -0.133975   -0.00863348   -0.033229
0.289   0.109016   -0.133019   -0.00752752   -0.0329979
0.29   0.111585   -0.132072   -0.00642725   -0.0327687
0.291   0.114136   -0.131132   -0.00533259   -0.0325413
0.292   0.116669   -0.130201   -0.00424349   -0.0323156
0.293   0.119183   -0.129278   -0.00315989   -0.0320918
0.294   0.12168   -0.128362   -0.00208173   -0.0318698
0.295   0.12416   -0.127455   -0.00100895   -0.0316494
0.296   0.126622   -0.126555   5.85078e-05   -0.0314308
0.297   0.129067   -0.125663   0.0011207   -0.031214
0.298   0.131495   -0.124778   0.00217769   -0.0309987
0.299   0.133906   -0.123901   0.00322952   -0.0307852
0.3   0.136301   -0.123031   0.00427626   -0.0305733
0.301   0.13868   -0.122169   0.00531795   -0.0303631
0.302   0.141043   -0.121314   0.00635466   -0.0301544
0.303   0.143389   -0.120465   0.00738643   -0.0299473
0.304   0.14572   -0.119624   0.00841333   -0.0297418
0.305   0.148036   -0.11879   0.00943539   -0.0295379
0.306   0.150336   -0.117963   0.0104527   -0.0293355
0.307   0.152621   -0.117142   0.0114652   -0.0291346
0.308   0.154891   -0.116328   0.0124731   -0.0289352
0.309   0.157146   -0.115521   0.0134764   -0.0287373
0.31   0.159387   -0.11472   0.0144751   -0.0285409
0.311   0.161613   -0.113926   0.0154693   -0.0283459
0.312   0.163825   -0.113138   0.016459   -0.0281523
0.313   0.166083   -0.11235   0.0175042   -0.0279576
0.314   0.168384   -0.111564   0.018602   -0.0277619
0.315   0.170668   -0.110783   0.0196913   -0.0275678
0.316   0.172934   -0.110009   0.0207724   -0.0273752
0.317   0.175182   -0.109242   0.0218452   -0.0271841
0.318   0.177413   -0.108481   0.0229099   -0.0269945
0.319   0.179628   -0.107726   0.0239666   -0.0268064
0.32   0.181825   -0.106977   0.0250154   -0.0266198
0.321   0.184006   -0.106235   0.0260563   -0.0264347
0.322   0.18617   -0.105499   0.0270894   -0.026251
0.323   0.188319   -0.104768   0.028115   -0.0260687
0.324   0.190451   -0.104044   0.0291329   -0.0258878
0.325   0.192568   -0.103325   0.0301434   -0.0257083
0.326   0.194668   -0.102613   0.0311465   -0.0255302
0.327   0.196754   -0.101906   0.0321422   -0.0253535
0.328   0.198824   -0.101204   0.0331308   -0.0251781
0.329   0.200879   -0.100509   0.0341122   -0.0250041
0.33   0.20292   -0.0998186   0.0350865   -0.0248314
0.331   0.204945   -0.099134   0.0360539   -0.02466
0.332   0.206957   -0.0984548   0.0370144   -0.0244898
0.333   0.208953   -0.097781   0.037968   -0.024321
0.334   0.210936   -0.0971125   0.0389149   -0.0241534
0.335   0.212904   -0.0964492   0.0398552   -0.0239871
0.336   0.214859   -0.0957912   0.0407888   -0.023822
0.337   0.2168   -0.0951382   0.041716   -0.0236582
0.338   0.218728   -0.0944904   0.0426367   -0.0234955
0.339   0.220642   -0.0938476   0.043551   -0.0233341
0.34   0.222543   -0.0932098   0.044459   -0.0231738
0.341   0.22443   -0.0925769   0.0453608   -0.0230147
0.342   0.226305   -0.0919489   0.0462565   -0.0228568
0.343   0.228168   -0.0913257   0.0471461   -0.0227
0.344   0.230017   -0.0907073   0.0480296   -0.0225444
0.345   0.231854   -0.0900936   0.0489072   -0.0223898
0.346   0.233679   -0.0894846   0.0497789   -0.0222364
0.347   0.235492   -0.0888802   0.0506448   -0.0220841
0.348   0.237293   -0.0882803   0.051505   -0.0219329
0.349   0.239081   -0.087685   0.0523594   -0.0217828
0.35   0.240859   -0.0870942   0.0532083   -0.0216338
0.351   0.242624   -0.0865078   0.0540516   -0.0214858
0.352   0.244378   -0.0859258   0.0548893   -0.0213388
0.353   0.246121   -0.0853481   0.0557217   -0.0211929
0.354   0.247852   -0.0847747   0.0565486   -0.021048
0.355   0.249573   -0.0842056   0.0573702   -0.0209041
0.356   0.251282   -0.0836406   0.0581866   -0.0207613
0.357   0.252981   -0.0830799   0.0589978   -0.0206194
0.358   0.254669   -0.0825232   0.0598038   -0.0204785
0.359   0.256346   -0.0819707   0.0606048   -0.0203386
0.36   0.258013   -0.0814222   0.0614007   -0.0201997
0.361   0.25967   -0.0808776   0.0621916   -0.0200617
0.362   0.261316   -0.0803371   0.0629776   -0.0199246
0.363   0.262952   -0.0798004   0.0637588   -0.0197885
0.364   0.264579   -0.0792677   0.0645351   -0.0196533
0.365   0.266195   -0.0787387   0.0653067   -0.0195191
0.366   0.267802   -0.0782136   0.0660735   -0.0193857
0.367   0.269399   -0.0776922   0.0668358   -0.0192533
0.368   0.270987   -0.0771746   0.0675934   -0.0191217
0.369   0.272566   -0.0766606   0.0683464   -0.0189911
0.37   0.274135   -0.0761503   0.069095   -0.0188613
0.371   0.275694   -0.0756437   0.069839   -0.0187323
0.372   0.277245   -0.0751405   0.0705787   -0.0186043
0.373   0.278787   -0.074641   0.0713141   -0.018477
0.374   0.28032   -0.0741449   0.0720451   -0.0183506
0.375   0.281844   -0.0736524   0.0727718   -0.0182251
0.376   0.28336   -0.0731633   0.0734944   -0.0181004
0.377   0.284867   -0.0726775   0.0742127   -0.0179765
0.378   0.286365   -0.0721952   0.074927   -0.0178534
0.379   0.287856   -0.0717162   0.0756372   -0.0177311
0.38   0.289338   -0.0712405   0.0763433   -0.0176096
0.381   0.290811   -0.0707681   0.0770454   -0.0174888
0.382   0.292277   -0.070299   0.0777436   -0.0173689
0.383   0.293735   -0.069833   0.0784379   -0.0172497
0.384   0.295185   -0.0693703   0.0791284   -0.0171313
0.385   0.296627   -0.0689107   0.079815   -0.0170137
0.386   0.298062   -0.0684542   0.0804978   -0.0168968
0.387   0.299489   -0.0680009   0.0811769   -0.0167807
0.388   0.300908   -0.0675506   0.0818524   -0.0166652
0.389   0.30232   -0.0671033   0.0825241   -0.0165506
0.39   0.303725   -0.0666591   0.0831923   -0.0164366
0.391   0.305246   -0.0662156   0.0839541   -0.0163213
0.392   0.306793   -0.0657745   0.0847382   -0.0162063
0.393   0.308329   -0.0653364   0.0855149   -0.016092
0.394   0.309852   -0.0649012   0.0862843   -0.0159784
0.395   0.311364   -0.0644691   0.0870466   -0.0158657
0.396   0.312864   -0.0640399   0.0878017   -0.0157537
0.397   0.314353   -0.0636135   0.0885498   -0.0156425
0.398   0.31583   -0.0631901   0.0892909   -0.015532
0.399   0.317296   -0.0627695   0.090025   -0.0154222
0.4   0.318751   -0.0623518   0.0907523   -0.0153132
0.401   0.320196   -0.0619368   0.0914728   -0.0152049
0.402   0.321629   -0.0615247   0.0921866   -0.0150973
0.403   0.323051   -0.0611152   0.0928937   -0.0149905
0.404   0.324463   -0.0607086   0.0935942   -0.0148843
0.405   0.325864   -0.0603046   0.0942882   -0.0147789
0.406   0.327255   -0.0599033   0.0949757   -0.0146742
0.407   0.328635   -0.0595046   0.0956567   -0.0145701
0.408   0.330005   -0.0591086   0.0963315   -0.0144667
0.409   0.331365   -0.0587152   0.0969999   -0.014364
0.41   0.332716   -0.0583244   0.0976621   -0.014262
0.411   0.334056   -0.0579361   0.0983181   -0.0141606
0.412   0.335386   -0.0575504   0.0989681   -0.0140599
0.413   0.336707   -0.0571672   0.0996119   -0.0139599
0.414   0.338018   -0.0567865   0.10025   -0.0138605
0.415   0.33932   -0.0564083   0.100882   -0.0137617
0.416   0.340612   -0.0560325   0.101508   -0.0136636
0.417   0.341895   -0.0556591   0.102128   -0.0135661
0.418   0.343169   -0.0552882   0.102742   -0.0134693
0.419   0.344434   -0.0549197   0.103351   -0.013373
0.42   0.34569   -0.0545535   0.103954   -0.0132774
0.421   0.346937   -0.0541897   0.104551   -0.0131824
0.422   0.348175   -0.0538282   0.105143   -0.013088
0.423   0.349404   -0.053469   0.105729   -0.0129942
0.424   0.350625   -0.0531122   0.10631   -0.012901
0.425   0.351837   -0.0527575   0.106885   -0.0128084
0.426   0.353041   -0.0524052   0.107455   -0.0127163
0.427   0.354236   -0.0520551   0.10802   -0.0126249
0.428   0.355423   -0.0517072   0.108579   -0.012534
0.429   0.356602   -0.0513614   0.109133   -0.0124437
0.43   0.357773   -0.0510179   0.109682   -0.012354
0.431   0.358936   -0.0506765   0.110226   -0.0122648
0.432   0.360091   -0.0503373   0.110765   -0.0121762
0.433   0.361238   -0.0500002   0.111298   -0.0120881
0.434   0.362378   -0.0496652   0.111827   -0.0120006
0.435   0.36351   -0.0493323   0.112351   -0.0119136
0.436   0.364634   -0.0490015   0.112869   -0.0118272
0.437   0.36575   -0.0486727   0.113383   -0.0117413
0.438   0.366859   -0.048346   0.113892   -0.0116559
0.439   0.367961   -0.0480213   0.114397   -0.011571
0.44   0.369056   -0.0476986   0.114896   -0.0114867
0.441   0.370143   -0.0473779   0.115391   -0.0114029
0.442   0.371223   -0.0470592   0.115881   -0.0113196
0.443   0.372297   -0.0467424   0.116367   -0.0112368
0.444   0.373363   -0.0464276   0.116847   -0.0111546
0.445   0.374422   -0.0461147   0.117324   -0.0110728
0.446   0.375475   -0.0458038   0.117796   -0.0109915
0.447   0.37652   -0.0454947   0.118263   -0.0109107
0.448   0.37756   -0.0451875   0.118726   -0.0108304
0.449   0.378592   -0.0448822   0.119185   -0.0107506
0.45   0.379618   -0.0445788   0.119639   -0.0106713
0.451   0.380637   -0.0442772   0.120089   -0.0105925
0.452   0.381651   -0.0439774   0.120534   -0.0105141
0.453   0.382657   -0.0436794   0.120975   -0.0104362
0.454   0.383658   -0.0433833   0.121413   -0.0103588
0.455   0.384652   -0.0430889   0.121845   -0.0102818
0.456   0.38564   -0.0427963   0.122274   -0.0102053
0.457   0.386622   -0.0425055   0.122699   -0.0101292
0.458   0.387598   -0.0422164   0.123119   -0.0100537
0.459   0.388569   -0.041929   0.123536   -0.00997851
0.46   0.389533   -0.0416434   0.123949   -0.00990382
0.461   0.390492   -0.0413595   0.124357   -0.00982957
0.462   0.391444   -0.0410773   0.124762   -0.00975576
0.463   0.392391   -0.0407968   0.125162   -0.00968239
0.464   0.393333   -0.0405179   0.125559   -0.00960945
0.465   0.394269   -0.0402407   0.125952   -0.00953695
0.466   0.395199   -0.0399652   0.126341   -0.00946487
0.467   0.396125   -0.0396913   0.126726   -0.00939321
0.468   0.397044   -0.039419   0.127108   -0.00932198
0.469   0.397959   -0.0391483   0.127486   -0.00925117
0.47   0.398888   -0.0388801   0.12787   -0.00918077
0.471   0.399933   -0.038618   0.128312   -0.00911074
0.472   0.400968   -0.0383574   0.128747   -0.00904113
0.473   0.401994   -0.0380982   0.129177   -0.00897192
0.474   0.403011   -0.0378404   0.129601   -0.00890312
0.475   0.404019   -0.037584   0.130019   -0.00883472
0.476   0.405017   -0.0373289   0.130432   -0.00876672
0.477   0.406007   -0.0370753   0.13084   -0.00869912
0.478   0.406989   -0.036823   0.131242   -0.00863191
0.479   0.407961   -0.036572   0.131638   -0.00856509
0.48   0.408925   -0.0363225   0.132029   -0.00849867
0.481   0.40988   -0.0360742   0.132415   -0.00843263
0.482   0.410827   -0.0358273   0.132795   -0.00836697
0.483   0.411765   -0.0355817   0.13317   -0.0083017
0.484   0.412695   -0.0353374   0.133539   -0.0082368
0.485   0.413616   -0.0350944   0.133904   -0.00817229
0.486   0.41453   -0.0348527   0.134263   -0.00810814
0.487   0.415435   -0.0346122   0.134617   -0.00804437
0.488   0.416332   -0.0343731   0.134966   -0.00798096
0.489   0.417221   -0.0341352   0.135309   -0.00791793
0.49   0.418102   -0.0338986   0.135648   -0.00785526
0.491   0.418975   -0.0336633   0.135981   -0.00779295
0.492   0.419841   -0.0334291   0.13631   -0.007731
0.493   0.420698   -0.0331963   0.136633   -0.0076694
0.494   0.421548   -0.0329646   0.136951   -0.00760816
0.495   0.42239   -0.0327342   0.137265   -0.00754728
0.496   0.423225   -0.032505   0.137574   -0.00748675
0.497   0.424052   -0.032277   0.137877   -0.00742656
0.498   0.424872   -0.0320501   0.138176   -0.00736672
0.499   0.425684   -0.0318245   0.13847   -0.00730723
0.5   0.426489   -0.0316001   0.138759   -0.00724808
0.501   0.427287   -0.0313769   0.139043   -0.00718927
0.502   0.428077   -0.0311548   0.139323   -0.0071308
0.503   0.42886   -0.0309339   0.139598   -0.00707266
0.504   0.429636   -0.0307141   0.139868   -0.00701486
0.505   0.430405   -0.0304955   0.140133   -0.00695739
0.506   0.431168   -0.030278   0.140394   -0.00690026
0.507   0.431923   -0.0300617   0.14065   -0.00684345
0.508   0.432671   -0.0298465   0.140902   -0.00678697
0.509   0.433412   -0.0296325   0.141149   -0.00673081
0.51   0.434147   -0.0294195   0.141391   -0.00667498
0.511   0.434875   -0.0292077   0.141629   -0.00661947
0.512   0.435596   -0.028997   0.141862   -0.00656428
0.513   0.436311   -0.0287874   0.142091   -0.0065094
0.514   0.437019   -0.0285789   0.142315   -0.00645485
0.515   0.43772   -0.0283715   0.142535   -0.0064006
0.516   0.438415   -0.0281652   0.142751   -0.00634668
0.517   0.439104   -0.0279599   0.142962   -0.00629306
0.518   0.439786   -0.0277557   0.143168   -0.00623975
0.519   0.440462   -0.0275526   0.14337   -0.00618675
0.52   0.441132   -0.0273506   0.143568   -0.00613406
0.521   0.441795   -0.0271496   0.143762   -0.00608167
0.522   0.442453   -0.0269497   0.143951   -0.00602959
0.523   0.443104   -0.0267509   0.144136   -0.00597781
0.524   0.443749   -0.0265531   0.144316   -0.00592633
0.525   0.444388   -0.0263563   0.144493   -0.00587515
0.526   0.445021   -0.0261606   0.144665   -0.00582427
0.527   0.445648   -0.0259659   0.144832   -0.00577369
0.528   0.446269   -0.0257722   0.144996   -0.0057234
0.529   0.446885   -0.0255796   0.145155   -0.0056734
0.53   0.447494   -0.025388   0.145311   -0.0056237
0.531   0.448098   -0.0251974   0.145462   -0.00557429
0.532   0.448696   -0.0250078   0.145608   -0.00552517
0.533   0.449288   -0.0248192   0.145751   -0.00547634
0.534   0.449875   -0.0246317   0.14589   -0.0054278
0.535   0.450456   -0.0244451   0.146024   -0.00537954
0.536   0.451032   -0.0242595   0.146155   -0.00533157
0.537   0.451602   -0.024075   0.146281   -0.00528388
0.538   0.452166   -0.0238914   0.146403   -0.00523648
0.539   0.452725   -0.0237088   0.146521   -0.00518936
0.54   0.453279   -0.0235273   0.146635   -0.00514252
0.541   0.453827   -0.0233467   0.146745   -0.00509596
0.542   0.45437   -0.023167   0.146851   -0.00504968
0.543   0.454908   -0.0229884   0.146953   -0.00500368
0.544   0.45544   -0.0228107   0.147051   -0.00495796
0.545   0.455968   -0.022634   0.147145   -0.00491251
0.546   0.456516   -0.0224622   0.147237   -0.00486804
0.547   0.457122   -0.0223008   0.14733   -0.00482553
0.548   0.457721   -0.02214   0.147419   -0.00478323
0.549   0.458311   -0.0219797   0.147503   -0.00474113
0.55   0.458894   -0.02182   0.147584   -0.00469922
0.551   0.45947   -0.0216609   0.14766   -0.00465752
0.552   0.460037   -0.0215023   0.147732   -0.00461602
0.553   0.460597   -0.0213443   0.1478   -0.00457471
0.554   0.46115   -0.0211868   0.147864   -0.0045336
0.555   0.461695   -0.0210299   0.147923   -0.00449269
0.556   0.462232   -0.0208735   0.147979   -0.00445197
0.557   0.462762   -0.0207177   0.14803   -0.00441145
0.558   0.463284   -0.0205624   0.148078   -0.00437113
0.559   0.4638   -0.0204076   0.148121   -0.004331
0.56   0.464307   -0.0202535   0.14816   -0.00429106
0.561   0.464807   -0.0200998   0.148195   -0.00425132
0.562   0.4653   -0.0199467   0.148226   -0.00421177
0.563   0.465786   -0.0197942   0.148253   -0.00417241
0.564   0.466264   -0.0196422   0.148276   -0.00413325
0.565   0.466736   -0.0194908   0.148295   -0.00409428
0.566   0.4672   -0.0193399   0.148309   -0.00405549
0.567   0.467656   -0.0191895   0.14832   -0.00401691
0.568   0.468106   -0.0190397   0.148326   -0.00397851
0.569   0.468549   -0.0188904   0.148329   -0.0039403
0.57   0.468984   -0.0187417   0.148327   -0.00390228
0.571   0.469412   -0.0185935   0.148322   -0.00386445
0.572   0.469834   -0.0184459   0.148312   -0.00382681
0.573   0.470248   -0.0182988   0.148298   -0.00378937
0.574   0.470655   -0.0181523   0.14828   -0.00375211
0.575   0.471056   -0.0180063   0.148258   -0.00371504
0.576   0.471449   -0.0178608   0.148232   -0.00367816
0.577   0.471835   -0.0177159   0.148202   -0.00364147
0.578   0.472215   -0.0175716   0.148168   -0.00360496
0.579   0.472588   -0.0174278   0.14813   -0.00356865
0.58   0.472954   -0.0172845   0.148088   -0.00353252
0.581   0.473312   -0.0171418   0.148041   -0.00349659
0.582   0.473665   -0.0169997   0.147991   -0.00346084
0.583   0.47401   -0.0168581   0.147936   -0.00342528
0.584   0.474349   -0.0167171   0.147878   -0.00338991
0.585   0.47468   -0.0165766   0.147815   -0.00335473
0.586   0.475005   -0.0164367   0.147748   -0.00331974
0.587   0.475324   -0.0162974   0.147677   -0.00328493
0.588   0.475635   -0.0161586   0.147602   -0.00325032
0.589   0.47594   -0.0160204   0.147523   -0.00321589
0.59   0.476238   -0.0158827   0.14744   -0.00318166
0.591   0.47653   -0.0157456   0.147352   -0.00314761
0.592   0.476815   -0.0156091   0.147261   -0.00311376
0.593   0.477093   -0.0154732   0.147165   -0.00308009
0.594   0.477364   -0.0153378   0.147065   -0.00304662
0.595   0.477629   -0.015203   0.146961   -0.00301334
0.596   0.477887   -0.0150688   0.146853   -0.00298025
0.597   0.478139   -0.0149352   0.14674   -0.00294735
0.598   0.478384   -0.0148022   0.146624   -0.00291464
0.599   0.478623   -0.0146698   0.146503   -0.00288213
0.6   0.478855   -0.014538   0.146378   -0.00284981
0.601   0.47908   -0.0144067   0.146248   -0.00281768
0.602   0.479299   -0.0142761   0.146115   -0.00278575
0.603   0.479511   -0.0141461   0.145977   -0.00275401
0.604   0.479716   -0.0140167   0.145835   -0.00272247
0.605   0.479915   -0.0138879   0.145688   -0.00269112
0.606   0.480108   -0.0137597   0.145537   -0.00265998
0.607   0.480294   -0.0136321   0.145382   -0.00262903
0.608   0.480473   -0.0135052   0.145223   -0.00259827
0.609   0.480646   -0.0133789   0.145059   -0.00256772
0.61   0.480812   -0.0132532   0.144891   -0.00253737
0.611   0.480971   -0.0131282   0.144718   -0.00250722
0.612   0.481125   -0.0130039   0.144541   -0.00247727
0.613   0.481271   -0.0128801   0.144359   -0.00244752
0.614   0.481413   -0.0127732   0.144129   -0.0024215
0.615   0.48155   -0.0126695   0.143887   -0.00239623
0.616   0.481679   -0.0125658   0.143642   -0.00237104
0.617   0.481802   -0.0124621   0.143395   -0.00234591
0.618   0.481919   -0.0123585   0.143145   -0.00232085
0.619   0.482028   -0.012255   0.142892   -0.00229585
0.62   0.482131   -0.0121515   0.142636   -0.00227093
0.621   0.482227   -0.012048   0.142377   -0.00224608
0.622   0.482316   -0.0119446   0.142115   -0.0022213
0.623   0.482399   -0.0118413   0.141851   -0.00219659
0.624   0.482475   -0.011738   0.141584   -0.00217196
0.625   0.482544   -0.0116348   0.141313   -0.0021474
0.626   0.482606   -0.0115317   0.14104   -0.00212292
0.627   0.482662   -0.0114287   0.140764   -0.00209851
0.628   0.48271   -0.0113258   0.140484   -0.00207418
0.629   0.482752   -0.0112229   0.140202   -0.00204993
0.63   0.482787   -0.0111202   0.139917   -0.00202575
0.631   0.482815   -0.0110176   0.139628   -0.00200166
0.632   0.482836   -0.0109151   0.139337   -0.00197765
0.633   0.482851   -0.0108127   0.139042   -0.00195372
0.634   0.482858   -0.0107104   0.138745   -0.00192988
0.635   0.482858   -0.0106083   0.138444   -0.00190612
0.636   0.482852   -0.0105063   0.138139   -0.00188245
0.637   0.482838   -0.0104045   0.137832   -0.00185886
0.638   0.482817   -0.0103028   0.137521   -0.00183537
0.639   0.482789   -0.0102013   0.137207   -0.00181196
0.64   0.482754   -0.0100999   0.13689   -0.00178865
0.641   0.482712   -0.00999878   0.136569   -0.00176543
0.642   0.482663   -0.0098978   0.136245   -0.00174231
0.643   0.482606   -0.00979702   0.135918   -0.00171928
0.644   0.482543   -0.00969645   0.135587   -0.00169635
0.645   0.482471   -0.00959609   0.135252   -0.00167353
0.646   0.482393   -0.00949595   0.134914   -0.0016508
0.647   0.482307   -0.00939604   0.134573   -0.00162818
0.648   0.482214   -0.00929637   0.134227   -0.00160566
0.649   0.482113   -0.00919695   0.133879   -0.00158326
0.65   0.482005   -0.00909779   0.133526   -0.00156096
0.651   0.481889   -0.0089989   0.13317   -0.00153877
0.652   0.481765   -0.00890029   0.13281   -0.00151669
0.653   0.481634   -0.00880197   0.132446   -0.00149473
0.654   0.481495   -0.00870396   0.132078   -0.00147289
0.655   0.481349   -0.00860626   0.131706   -0.00145117
0.656   0.481194   -0.00850888   0.131331   -0.00142957
0.657   0.481032   -0.00841184   0.130951   -0.0014081
0.658   0.480861   -0.00831515   0.130567   -0.00138675
0.659   0.480683   -0.00821883   0.130179   -0.00136554
0.66   0.480496   -0.00812287   0.129787   -0.00134445
0.661   0.480302   -0.00802731   0.129391   -0.0013235
0.662   0.480099   -0.00793215   0.128991   -0.00130269
0.663   0.479887   -0.0078374   0.128586   -0.00128201
0.664   0.479668   -0.00774308   0.128177   -0.00126148
0.665   0.47944   -0.00764921   0.127764   -0.0012411
0.666   0.479203   -0.0075558   0.127346   -0.00122087
0.667   0.478958   -0.00746286   0.126923   -0.00120078
0.668   0.478704   -0.00737041   0.126496   -0.00118086
0.669   0.478441   -0.00727847   0.126064   -0.00116109
0.67   0.478131   -0.00719794   0.125588   -0.00114376
0.671   0.477769   -0.00713013   0.125065   -0.00112914
0.672   0.477401   -0.00706196   0.124539   -0.0011145
0.673   0.477027   -0.00699343   0.124012   -0.00109984
0.674   0.476647   -0.00692457   0.123483   -0.00108515
0.675   0.476261   -0.00685537   0.122953   -0.00107045
0.676   0.475869   -0.00678586   0.122421   -0.00105574
0.677   0.475471   -0.00671604   0.121887   -0.00104101
0.678   0.475066   -0.00664592   0.121351   -0.00102627
0.679   0.474655   -0.00657551   0.120813   -0.00101153
0.68   0.474238   -0.00650483   0.120274   -0.000996773
0.681   0.473814   -0.00643389   0.119732   -0.000982017
0.682   0.473383   -0.0063627   0.119188   -0.000967259
0.683   0.472946   -0.00629128   0.118643   -0.000952504
0.684   0.472501   -0.00621964   0.118095   -0.000937752
0.685   0.47205   -0.00614778   0.117545   -0.000923007
0.686   0.471591   -0.00607574   0.116992   -0.000908272
0.687   0.471125   -0.00600351   0.116438   -0.00089355
0.688   0.470652   -0.00593113   0.115881   -0.000878844
0.689   0.470172   -0.00585859   0.115321   -0.000864156
0.69   0.469683   -0.00578592   0.114759   -0.00084949
0.691   0.469187   -0.00571313   0.114195   -0.000834849
0.692   0.468684   -0.00564025   0.113628   -0.000820236
0.693   0.468172   -0.00556728   0.113058   -0.000805655
0.694   0.467652   -0.00549424   0.112485   -0.00079111
0.695   0.467124   -0.00542116   0.11191   -0.000776603
0.696   0.466587   -0.00534805   0.111332   -0.00076214
0.697   0.466042   -0.00527493   0.11075   -0.000747722
0.698   0.465488   -0.00520182   0.110166   -0.000733355
0.699   0.464926   -0.00512874   0.109579   -0.000719043
0.7   0.464354   -0.00505571   0.108988   -0.00070479
0.701   0.463772   -0.00498276   0.108394   -0.000690599
0.702   0.463182   -0.0049099   0.107797   -0.000676476
0.703   0.462582   -0.00483716   0.107196   -0.000662425
0.704   0.461972   -0.00476457   0.106592   -0.00064845
0.705   0.461351   -0.00469213   0.105984   -0.000634557
0.706   0.460721   -0.00461989   0.105373   -0.000620751
0.707   0.46008   -0.00454787   0.104758   -0.000607037
0.708   0.459428   -0.00447608   0.104138   -0.000593419
0.709   0.458766   -0.00440457   0.103515   -0.000579904
0.71   0.458092   -0.00433336   0.102888   -0.000566497
0.711   0.457407   -0.00426247   0.102256   -0.000553204
0.712   0.45671   -0.00419194   0.10162   -0.000540031
0.713   0.456002   -0.0041218   0.10098   -0.000526984
0.714   0.455281   -0.00405207   0.100335   -0.000514069
0.715   0.454441   -0.00399785   0.099625   -0.000504491
0.716   0.453552   -0.00394925   0.0988896   -0.000496153
0.717   0.452657   -0.00390014   0.0981535   -0.000487748
0.718   0.451757   -0.00385054   0.0974165   -0.00047928
0.719   0.45085   -0.00380046   0.0966786   -0.000470753
0.72   0.449936   -0.00374993   0.0959397   -0.000462169
0.721   0.449016   -0.00369896   0.0951997   -0.000453533
0.722   0.448089   -0.00364758   0.0944586   -0.00044485
0.723   0.447155   -0.0035958   0.0937163   -0.000436122
0.724   0.446214   -0.00354365   0.0929728   -0.000427354
0.725   0.445264   -0.00349115   0.0922279   -0.000418551
0.726   0.444307   -0.00343833   0.0914815   -0.000409717
0.727   0.443342   -0.0033852   0.0907337   -0.000400856
0.728   0.442368   -0.00333179   0.0899843   -0.000391973
0.729   0.441385   -0.00327814   0.0892333   -0.000383074
0.73   0.440394   -0.00322426   0.0884804   -0.000374163
0.731   0.439393   -0.00317018   0.0877258   -0.000365245
0.732   0.438382   -0.00311592   0.0869692   -0.000356326
0.733   0.437361   -0.00306153   0.0862106   -0.000347411
0.734   0.436329   -0.00300702   0.0854498   -0.000338506
0.735   0.435287   -0.00295244   0.0846868   -0.000329617
0.736   0.434233   -0.0028978   0.0839215   -0.00032075
0.737   0.433167   -0.00284314   0.0831537   -0.000311911
0.738   0.43209   -0.0027885   0.0823834   -0.000303107
0.739   0.431   -0.00273392   0.0816104   -0.000294344
0.74   0.429896   -0.00267941   0.0808347   -0.00028563
0.741   0.42878   -0.00262503   0.080056   -0.00027697
0.742   0.427649   -0.00257081   0.0792743   -0.000268374
0.743   0.426503   -0.00251679   0.0784894   -0.000259848
0.744   0.425342   -0.00246301   0.0777012   -0.0002514
0.745   0.424166   -0.00240952   0.0769095   -0.000243038
0.746   0.422973   -0.00235635   0.0761143   -0.000234771
0.747   0.421763   -0.00230355   0.0753153   -0.000226607
0.748   0.420535   -0.00225116   0.0745124   -0.000218556
0.749   0.419166   -0.00220734   0.0736677   -0.00021233
0.75   0.41772   -0.0021679   0.0728008   -0.000207048
0.751   0.416266   -0.00212821   0.0719334   -0.000201737
0.752   0.414804   -0.00208829   0.0710652   -0.0001964
0.753   0.413333   -0.00204818   0.0701962   -0.000191043
0.754   0.411853   -0.0020079   0.0693264   -0.000185672
0.755   0.410363   -0.00196749   0.0684557   -0.000180292
0.756   0.408864   -0.00192698   0.0675839   -0.00017491
0.757   0.407353   -0.00188641   0.0667111   -0.000169531
0.758   0.405831   -0.00184579   0.0658371   -0.000164161
0.759   0.404297   -0.00180517   0.0649618   -0.000158806
0.76   0.40275   -0.00176458   0.0640852   -0.000153474
0.761   0.401189   -0.00172406   0.0632071   -0.000148169
0.762   0.399614   -0.00168363   0.0623274   -0.000142899
0.763   0.398024   -0.00164334   0.0614461   -0.000137671
0.764   0.396418   -0.00160322   0.0605631   -0.00013249
0.765   0.394795   -0.0015633   0.0596782   -0.000127364
0.766   0.393154   -0.00152363   0.0587913   -0.0001223
0.767   0.391494   -0.00148423   0.0579024   -0.000117304
0.768   0.389814   -0.00144515   0.0570113   -0.000112384
0.769   0.388113   -0.00140643   0.0561178   -0.000107546
0.77   0.386389   -0.00136809   0.055222   -0.000102798
0.771   0.384641   -0.00133017   0.0543236   -9.81469e-05
0.772   0.382869   -0.00129272   0.0534225   -9.35994e-05
0.773   0.381069   -0.00125576   0.0525187   -8.91626e-05
0.774   0.379145   -0.00121881   0.0516006   -8.48683e-05
0.775   0.377108   -0.00118198   0.0506697   -8.07197e-05
0.776   0.375056   -0.00114584   0.0497376   -7.66979e-05
0.777   0.372988   -0.00111042   0.0488043   -7.28091e-05
0.778   0.370904   -0.00107576   0.0478696   -6.90593e-05
0.779   0.368801   -0.00104189   0.0469336   -6.54542e-05
0.78   0.366678   -0.00100883   0.0459962   -6.19989e-05
0.781   0.364535   -0.000976616   0.0450573   -5.86982e-05
0.782   0.362369   -0.000945267   0.044117   -5.55563e-05
0.783   0.360178   -0.000914803   0.0431752   -5.25767e-05
0.784   0.357962   -0.000885236   0.0422318   -4.9762e-05
0.785   0.355717   -0.000856576   0.041287   -4.71139e-05
0.786   0.353442   -0.000828824   0.0403407   -4.46329e-05
0.787   0.351135   -0.000801973   0.0393929   -4.23184e-05
0.788   0.348794   -0.000776009   0.0384437   -4.01681e-05
0.789   0.346415   -0.000750906   0.037493   -3.81778e-05
0.79   0.343995   -0.000726626   0.036541   -3.63414e-05
0.791   0.341533   -0.000703116   0.0355878   -3.46504e-05
0.792   0.338957   -0.00067402   0.0346394   -3.20544e-05
0.793   0.33624   -0.000636961   0.0336979   -2.81611e-05
0.794   0.33349   -0.000602434   0.0327538   -2.47035e-05
0.795   0.330706   -0.000570451   0.031807   -2.16829e-05
0.796   0.327883   -0.000541007   0.0308579   -1.90979e-05
0.797   0.32502   -0.000514078   0.0299064   -1.69439e-05
0.798   0.322111   -0.000489621   0.0289529   -1.52121e-05
0.799   0.319155   -0.000467561   0.0279975   -1.38892e-05
0.8   0.316145   -0.000447794   0.0270406   -1.2956e-05
0.801   0.313079   -0.000430176   0.0260827   -1.23867e-05
0.802   0.309951   -0.000414519   0.0251241   -1.21473e-05
0.803   0.306755   -0.000400577   0.0241656   -1.21939e-05
0.804   0.303486   -0.000388037   0.0232078   -1.2471e-05
0.805   0.300085   -0.000360839   0.0222769   -1.0167e-05
0.806   0.296567   -0.000325316   0.021363   -6.38936e-06
0.807   0.292971   -0.000295151   0.0204442   -3.53108e-06
0.808   0.289289   -0.000270209   0.0195212   -1.56772e-06
0.809   0.285515   -0.000250275   0.0185947   -4.60362e-07
0.81   0.281638   -0.000235029   0.0176655   -1.51677e-07
0.811   0.277649   -0.000224017   0.016735   -5.61042e-07
0.812   0.273537   -0.000216617   0.0158046   -1.57815e-06
0.813   0.269288   -0.00021199   0.0148763   -3.05475e-06
0.814   0.264868   -0.000189201   0.0139871   -1.33881e-06
0.815   0.260273   -0.000158652   0.0131196   1.75856e-06
0.816   0.255503   -0.000136961   0.0122455   3.34284e-06
0.817   0.250539   -0.000123459   0.011367   3.53355e-06
0.818   0.245358   -0.000117101   0.0104868   2.51678e-06
0.819   0.239935   -0.00011631   0.00960875   5.71455e-07
0.82   0.234251   -0.00010592   0.00876198   3.54154e-07
0.821   0.228274   -7.90048e-05   0.00796054   3.08028e-06
0.822   0.221933   -6.50744e-05   0.00715109   3.59287e-06
0.823   0.215176   -6.20057e-05   0.00633916   2.26846e-06
0.824   0.207942   -6.51627e-05   0.00553524   -7.60166e-08
0.825   0.200272   -3.99531e-05   0.00480694   2.61892e-06
0.826   0.191846   -3.25161e-05   0.00406917   2.28734e-06
0.827   0.182516   -3.46812e-05   0.00334058   3.67238e-07
0.828   0.172153   -1.80185e-05   0.00267971   1.8408e-06
0.829   0.160213   -1.97944e-05   0.0020208   2.10062e-07
0.83   0.146285   -9.83787e-06   0.00143417   7.76006e-07
0.831   0.129066   -5.1378e-06   0.000893592   5.77475e-07
0.832   0.105588   -2.8734e-06   0.000419441   1.39228e-07
0.833   0.0629306   -2.91247e-07   6.59686e-05   2.96047e-08
