0.001   -84.8432   -37.8404   -6.62947   -2.94473   -84.8592   -37.8415   -6.62843   -2.94448
0.002   -40.9914   -18.3405   -3.28522   -1.45706   -40.9844   -18.3405   -3.28357   -1.45695
0.003   -26.5192   -11.9055   -2.171   -0.961494   -26.5064   -11.9051   -2.1702   -0.96139
0.004   -19.3405   -8.71674   -1.61515   -0.713916   -19.3333   -8.71641   -1.61447   -0.713798
0.005   -15.0682   -6.81955   -1.28201   -0.565449   -15.0706   -6.82137   -1.28165   -0.565379
0.006   -12.2486   -5.56515   -1.06073   -0.466601   -12.2453   -5.56526   -1.06022   -0.466536
0.007   -10.2473   -4.67636   -0.902629   -0.396047   -10.2462   -4.67642   -0.902372   -0.396016
0.008   -8.75968   -4.01467   -0.784637   -0.343229   -8.75839   -4.0149   -0.78423   -0.343193
0.009   -7.61044   -3.50408   -0.692878   -0.302195   -7.60989   -3.50423   -0.692526   -0.302165
0.01   -6.69733   -3.09872   -0.619507   -0.269411   -6.69784   -3.09869   -0.61931   -0.26939
0.011   -5.95705   -2.76914   -0.559797   -0.24263   -5.95692   -2.76925   -0.559508   -0.242615
0.012   -5.34473   -2.49642   -0.510142   -0.22035   -5.34383   -2.49667   -0.509763   -0.220338
0.013   -4.82958   -2.26744   -0.46808   -0.201531   -4.82863   -2.26762   -0.467738   -0.20152
0.014   -4.39071   -2.07262   -0.432022   -0.185429   -4.39001   -2.07264   -0.431769   -0.185418
0.015   -4.01275   -1.90495   -0.400789   -0.171501   -4.0124   -1.90479   -0.400636   -0.171487
0.016   -3.68491   -1.7587   -0.373727   -0.159328   -3.68419   -1.75893   -0.373423   -0.159321
0.017   -3.39729   -1.63064   -0.349804   -0.14861   -3.39635   -1.63104   -0.349435   -0.148606
0.018   -3.14307   -1.5177   -0.328488   -0.139105   -3.14215   -1.51811   -0.328164   -0.139117
0.019   -2.9169   -1.4174   -0.309383   -0.130619   -2.91614   -1.41774   -0.309069   -0.130611
0.02   -2.71453   -1.32776   -0.292167   -0.122999   -2.71398   -1.32796   -0.291923   -0.122987
0.021   -2.53251   -1.2472   -0.276578   -0.116119   -2.53212   -1.24725   -0.27641   -0.116103
0.022   -2.36813   -1.1743   -0.262472   -0.109872   -2.36781   -1.17435   -0.262304   -0.109858
0.023   -2.2191   -1.10791   -0.249705   -0.104171   -2.21866   -1.10819   -0.24942   -0.104167
0.024   -2.08321   -1.04754   -0.237944   -0.098961   -2.08274   -1.04793   -0.237601   -0.0989627
0.025   -1.95886   -0.99241   -0.227074   -0.0941809   -1.95838   -0.99282   -0.226719   -0.094185
0.026   -1.84469   -0.941887   -0.216999   -0.0897806   -1.84425   -0.942262   -0.216661   -0.0897837
0.027   -1.73954   -0.895431   -0.207637   -0.0857171   -1.73914   -0.895732   -0.207335   -0.0857179
0.028   -1.64242   -0.85258   -0.198914   -0.0819535   -1.64208   -0.852785   -0.198661   -0.081951
0.029   -1.55247   -0.81294   -0.190768   -0.0784582   -1.55243   -0.81315   -0.19057   -0.0784517
0.03   -1.46897   -0.776171   -0.183144   -0.0752038   -1.46875   -0.776157   -0.183003   -0.0751932
0.031   -1.39126   -0.741947   -0.176009   -0.072165   -1.39111   -0.741867   -0.175907   -0.0721519
0.032   -1.31877   -0.709776   -0.169441   -0.06931   -1.31868   -0.709902   -0.169237   -0.0693076
0.033   -1.25103   -0.679787   -0.163222   -0.0666371   -1.251   -0.68005   -0.162953   -0.0666413
0.034   -1.1876   -0.651773   -0.157327   -0.0641297   -1.18761   -0.652116   -0.15702   -0.064138
0.035   -1.12811   -0.625549   -0.15173   -0.061773   -1.12814   -0.625931   -0.151408   -0.0617833
0.036   -1.0722   -0.600956   -0.146408   -0.0595541   -1.07226   -0.601342   -0.146089   -0.0595647
0.037   -1.01958   -0.577849   -0.141343   -0.0574614   -1.01965   -0.578218   -0.141038   -0.057471
0.038   -0.969984   -0.556103   -0.136515   -0.0554845   -0.970056   -0.556435   -0.136235   -0.0554923
0.039   -0.923157   -0.535603   -0.131908   -0.0536143   -0.923202   -0.535876   -0.131658   -0.0536195
0.04   -0.878886   -0.516248   -0.127506   -0.0518425   -0.878912   -0.516461   -0.127291   -0.0518446
0.041   -0.836975   -0.497949   -0.123296   -0.0501616   -0.836977   -0.498096   -0.123118   -0.0501604
0.042   -0.797246   -0.480624   -0.119265   -0.0485649   -0.79722   -0.480704   -0.119124   -0.0485603
0.043   -0.759539   -0.464198   -0.115402   -0.0470463   -0.759481   -0.464212   -0.115302   -0.0470735
0.044   -0.723594   -0.448513   -0.111736   -0.0455947   -0.723619   -0.448557   -0.111625   -0.0455891
0.045   -0.689322   -0.433544   -0.108242   -0.0442072   -0.6895   -0.433679   -0.108098   -0.0442078
0.046   -0.656714   -0.419327   -0.104873   -0.0428847   -0.657004   -0.419527   -0.104705   -0.0428894
0.047   -0.625657   -0.405807   -0.10162   -0.0416227   -0.626024   -0.406051   -0.101438   -0.0416305
0.048   -0.596047   -0.392938   -0.0984775   -0.0404173   -0.596462   -0.393206   -0.0982883   -0.0404269
0.049   -0.567787   -0.380674   -0.0954396   -0.0392648   -0.568223   -0.380952   -0.0952494   -0.0392753
0.05   -0.540791   -0.368976   -0.0925006   -0.038162   -0.541226   -0.369252   -0.092314   -0.0381725
0.051   -0.514979   -0.357808   -0.0896555   -0.0371056   -0.515394   -0.358072   -0.089476   -0.0371156
0.052   -0.490276   -0.347135   -0.0868994   -0.0360929   -0.490656   -0.347379   -0.0867297   -0.0361018
0.053   -0.466615   -0.336926   -0.0842276   -0.0351213   -0.466946   -0.337144   -0.0840695   -0.0351287
0.054   -0.443933   -0.327153   -0.0816361   -0.0341884   -0.444207   -0.327341   -0.081491   -0.034194
0.055   -0.422171   -0.317789   -0.0791208   -0.0332919   -0.422375   -0.317944   -0.0789892   -0.0332955
0.056   -0.401277   -0.308811   -0.0766781   -0.0324298   -0.401407   -0.308931   -0.0765602   -0.0324312
0.057   -0.381201   -0.300196   -0.0743043   -0.0316003   -0.381252   -0.300281   -0.0742001   -0.0315993
0.058   -0.361896   -0.291923   -0.0719963   -0.0308014   -0.361867   -0.291972   -0.0719053   -0.0307981
0.059   -0.343319   -0.283973   -0.0697508   -0.0300316   -0.343212   -0.283989   -0.0696724   -0.030026
0.06   -0.325432   -0.276329   -0.0675651   -0.0292893   -0.325239   -0.276308   -0.0675008   -0.0292815
0.061   -0.307875   -0.268902   -0.0654246   -0.0285681   -0.307922   -0.268921   -0.0653803   -0.0285632
0.062   -0.290933   -0.261748   -0.0633383   -0.0278715   -0.291226   -0.261808   -0.0633154   -0.0278698
0.063   -0.274629   -0.254864   -0.0613059   -0.0271994   -0.275118   -0.254957   -0.0613013   -0.0272001
0.064   -0.258927   -0.248237   -0.0593249   -0.0265504   -0.259569   -0.248355   -0.0593357   -0.0265529
0.065   -0.243796   -0.241853   -0.0573931   -0.0259234   -0.244554   -0.241989   -0.0574162   -0.0259272
0.066   -0.229207   -0.235699   -0.0555082   -0.0253174   -0.230044   -0.235847   -0.0555408   -0.025322
0.067   -0.215132   -0.229764   -0.0536682   -0.0247313   -0.216017   -0.229919   -0.0537076   -0.0247363
0.068   -0.201544   -0.224037   -0.0518712   -0.0241642   -0.20245   -0.224195   -0.0519149   -0.0241692
0.069   -0.188419   -0.218509   -0.0501152   -0.0236152   -0.189321   -0.218666   -0.0501609   -0.02362
0.07   -0.175734   -0.213168   -0.0483986   -0.0230834   -0.176613   -0.213321   -0.048444   -0.0230878
0.071   -0.163468   -0.208007   -0.0467197   -0.0225682   -0.164304   -0.208154   -0.0467627   -0.0225719
0.072   -0.151601   -0.203018   -0.0450769   -0.0220687   -0.152378   -0.203156   -0.0451157   -0.0220715
0.073   -0.140113   -0.198191   -0.0434688   -0.0215843   -0.140819   -0.19832   -0.0435017   -0.0215861
0.074   -0.128986   -0.19352   -0.0418939   -0.0211143   -0.129609   -0.193638   -0.0419192   -0.021115
0.075   -0.118204   -0.188998   -0.0403508   -0.0206581   -0.118735   -0.189103   -0.0403673   -0.0206576
0.076   -0.107751   -0.184618   -0.0388384   -0.0202152   -0.108185   -0.184711   -0.0388448   -0.0202134
0.077   -0.0976117   -0.180374   -0.0373554   -0.0197848   -0.097939   -0.180453   -0.0373506   -0.0197818
0.078   -0.0877722   -0.176261   -0.0359007   -0.0193666   -0.0879913   -0.176337   -0.0358838   -0.0193623
0.079   -0.078219   -0.172272   -0.0344731   -0.0189601   -0.078328   -0.172323   -0.0344434   -0.0189544
0.08   -0.0689396   -0.168402   -0.0330717   -0.0185648   -0.068937   -0.16844   -0.0330286   -0.0185578
0.081   -0.0599219   -0.164647   -0.0316953   -0.0181801   -0.0598086   -0.164683   -0.0316385   -0.0181719
0.082   -0.0508737   -0.160993   -0.03029   -0.017804   -0.0509324   -0.161014   -0.0302723   -0.0177964
0.083   -0.0419125   -0.157441   -0.0288792   -0.0174369   -0.042299   -0.157462   -0.0289294   -0.0174308
0.084   -0.0332341   -0.153991   -0.0275007   -0.0170797   -0.0338988   -0.154012   -0.0276088   -0.0170749
0.085   -0.024826   -0.15064   -0.0261534   -0.0167319   -0.0257236   -0.150659   -0.0263101   -0.0167282
0.086   -0.0166763   -0.147384   -0.0248359   -0.0163933   -0.0177653   -0.147401   -0.0250326   -0.0163904
0.087   -0.00877382   -0.144218   -0.0235468   -0.0160635   -0.0100156   -0.144233   -0.0237757   -0.0160613
0.088   -0.00110787   -0.141141   -0.0222852   -0.0157422   -0.0024675   -0.141153   -0.0225387   -0.0157404
0.089   0.00633164   -0.138147   -0.0210499   -0.015429   0.00488614   -0.138157   -0.0213212   -0.0154276
0.09   0.0135543   -0.135235   -0.0198397   -0.0151237   0.0120523   -0.135241   -0.0201227   -0.0151224
0.091   0.0205692   -0.1324   -0.0186537   -0.014826   0.0190372   -0.132404   -0.0189426   -0.0148247
0.092   0.0273849   -0.129641   -0.017491   -0.0145357   0.0258471   -0.129642   -0.0177804   -0.0145343
0.093   0.0340097   -0.126955   -0.0163505   -0.0142524   0.0324877   -0.126953   -0.0166359   -0.0142509
0.094   0.0404515   -0.124338   -0.0152315   -0.0139759   0.0389646   -0.124334   -0.0155085   -0.0139741
0.095   0.0467175   -0.121789   -0.0141332   -0.013706   0.0452834   -0.121783   -0.0143976   -0.0137039
0.096   0.0528149   -0.119305   -0.0130546   -0.0134425   0.051449   -0.119297   -0.0133031   -0.01344
0.097   0.0587505   -0.116884   -0.0119951   -0.0131852   0.0574662   -0.116874   -0.0122246   -0.0131822
0.098   0.0645306   -0.114524   -0.010954   -0.0129338   0.0633397   -0.114512   -0.0111618   -0.0129303
0.099   0.0701614   -0.112223   -0.00993054   -0.0126881   0.0690741   -0.112209   -0.0101142   -0.0126842
0.1   0.0756486   -0.109978   -0.00892407   -0.0124481   0.0746736   -0.109963   -0.00908157   -0.0124436
0.101   0.0809979   -0.107788   -0.00793397   -0.0122134   0.0801422   -0.107773   -0.0080636   -0.0122084
0.102   0.0862146   -0.105652   -0.00695965   -0.011984   0.0854838   -0.105635   -0.00706001   -0.0119784
0.103   0.0913038   -0.103566   -0.00600053   -0.0117596   0.0907025   -0.10355   -0.00607052   -0.0117535
0.104   0.0962702   -0.101531   -0.00505605   -0.0115402   0.0958011   -0.101515   -0.00509489   -0.0115335
0.105   0.101119   -0.099544   -0.0041257   -0.0113255   0.100784   -0.0995274   -0.00413282   -0.0113182
0.106   0.105853   -0.0976036   -0.00320896   -0.0111154   0.105654   -0.0975872   -0.00318412   -0.0111076
0.107   0.110479   -0.0957085   -0.00230536   -0.0109097   0.110415   -0.0956927   -0.00224851   -0.0109014
0.108   0.1153   -0.0938725   -0.00132743   -0.0107076   0.115069   -0.0938422   -0.00132581   -0.0106996
0.109   0.120085   -0.0920824   -0.000343329   -0.0105096   0.119619   -0.0920345   -0.000415806   -0.0105021
0.11   0.124734   -0.0903317   0.000618381   -0.0103157   0.124069   -0.0902683   0.000481726   -0.0103086
0.111   0.129254   -0.0886193   0.00155852   -0.0101259   0.128421   -0.0885418   0.00136695   -0.0101192
0.112   0.13365   -0.0869441   0.00247788   -0.00994003   0.132676   -0.0868555   0.00224008   -0.00993362
0.113   0.137925   -0.0853051   0.0033772   -0.009758   0.136839   -0.0852062   0.00310124   -0.00975185
0.114   0.142085   -0.0837012   0.00425721   -0.00957971   0.140911   -0.0835939   0.00395066   -0.00957376
0.115   0.146133   -0.0821314   0.00511858   -0.00940503   0.144895   -0.0820211   0.00478845   -0.00939926
0.116   0.150073   -0.0805948   0.00596198   -0.00923388   0.148792   -0.0804756   0.00561483   -0.00922821
0.117   0.15391   -0.0790905   0.00678803   -0.00906615   0.152607   -0.0789671   0.00642985   -0.00906061
0.118   0.157647   -0.0776176   0.00759734   -0.00890176   0.156339   -0.0774918   0.00723375   -0.00889627
0.119   0.161287   -0.0761754   0.00839049   -0.00874061   0.159991   -0.0760479   0.0080266   -0.00873515
0.12   0.164834   -0.0747629   0.00916803   -0.00858262   0.163564   -0.0746351   0.00880858   -0.00857717
0.121   0.168291   -0.0733794   0.00993048   -0.0084277   0.167064   -0.0732525   0.00957976   -0.00842226
0.122   0.171662   -0.0720241   0.0106784   -0.00827577   0.170488   -0.071899   0.0103403   -0.0082703
0.123   0.174948   -0.0706964   0.0114122   -0.00812676   0.173839   -0.0705741   0.0110903   -0.00812125
0.124   0.178154   -0.0693955   0.0121324   -0.00798058   0.177119   -0.0692768   0.0118299   -0.00797505
0.125   0.181282   -0.0681207   0.0128394   -0.00783718   0.180331   -0.0680065   0.012559   -0.00783162
0.126   0.184335   -0.0668714   0.0135337   -0.00769647   0.183474   -0.0667624   0.0132782   -0.00769082
0.127   0.187315   -0.0656471   0.0142156   -0.00755839   0.186551   -0.0655439   0.0139871   -0.00755269
0.128   0.190224   -0.064447   0.0148857   -0.00742288   0.189564   -0.0643501   0.014686   -0.0074171
0.129   0.193065   -0.0632706   0.0155442   -0.00728987   0.19251   -0.0631826   0.0153749   -0.00728402
0.13   0.195841   -0.0621173   0.0161915   -0.0071593   0.195399   -0.0620347   0.016054   -0.00715343
0.131   0.198552   -0.0609866   0.016828   -0.00703112   0.198225   -0.0609117   0.0167233   -0.00702514
0.132   0.201203   -0.059878   0.017454   -0.00690526   0.200992   -0.0598112   0.0173829   -0.00689923
0.133   0.203794   -0.0587909   0.0180699   -0.00678167   0.203674   -0.0587325   0.018033   -0.00677558
0.134   0.206328   -0.0577249   0.0186759   -0.00666031   0.20635   -0.0576752   0.0186735   -0.00665417
0.135   0.208806   -0.0566794   0.0192724   -0.0065411   0.208945   -0.0566385   0.0193045   -0.00653491
0.136   0.21123   -0.0556541   0.0198596   -0.00642402   0.211485   -0.0556221   0.0199262   -0.00641778
0.137   0.213655   -0.0546545   0.0204546   -0.00630906   0.213971   -0.0546253   0.0205384   -0.00630274
0.138   0.216259   -0.0536999   0.0211125   -0.00619641   0.216405   -0.0536479   0.0211415   -0.00618973
0.139   0.21879   -0.0527614   0.0217546   -0.0060857   0.218786   -0.0526892   0.0217353   -0.00607868
0.14   0.221251   -0.0518389   0.0223813   -0.0059769   0.221117   -0.0517489   0.0223199   -0.00596959
0.141   0.223644   -0.0509319   0.022993   -0.00586996   0.223397   -0.0508266   0.0228955   -0.0058624
0.142   0.225972   -0.0500401   0.0235903   -0.00576485   0.225629   -0.0499216   0.023462   -0.00575707
0.143   0.228235   -0.0491633   0.0241734   -0.00566153   0.227812   -0.0490336   0.0240195   -0.00565355
0.144   0.230437   -0.0483012   0.0247428   -0.00555995   0.229948   -0.0481624   0.0245681   -0.00555181
0.145   0.232578   -0.0474534   0.0252988   -0.00546008   0.232037   -0.0473073   0.0251078   -0.00545182
0.146   0.234661   -0.0466198   0.0258418   -0.00536188   0.234081   -0.0464684   0.0256387   -0.00535354
0.147   0.236688   -0.0458   0.0263722   -0.00526533   0.236081   -0.0456447   0.0261607   -0.00525695
0.148   0.238659   -0.0449938   0.0268902   -0.00517039   0.238036   -0.0448362   0.026674   -0.00516195
0.149   0.240577   -0.0442009   0.0273961   -0.00507702   0.239947   -0.0440426   0.0271786   -0.00506858
0.15   0.242443   -0.0434212   0.0278904   -0.00498519   0.241815   -0.0432635   0.0276745   -0.00497679
0.151   0.244259   -0.0426543   0.0283732   -0.00489488   0.243642   -0.0424984   0.0281618   -0.00488652
0.152   0.246026   -0.0419001   0.0288448   -0.00480605   0.245427   -0.0417473   0.0286405   -0.00479777
0.153   0.247745   -0.0411583   0.0293056   -0.00471867   0.247171   -0.0410097   0.0291106   -0.0047105
0.154   0.249417   -0.0404288   0.0297558   -0.00463272   0.248876   -0.0402853   0.0295722   -0.00462467
0.155   0.251045   -0.0397112   0.0301956   -0.00454817   0.250541   -0.0395744   0.0300253   -0.00454028
0.156   0.252629   -0.0390055   0.0306252   -0.004465   0.252167   -0.0388751   0.0304699   -0.00445735
0.157   0.25417   -0.0383113   0.031045   -0.00438317   0.253753   -0.03819   0.0309061   -0.00437563
0.158   0.25567   -0.0376286   0.0314551   -0.00430267   0.255304   -0.0375144   0.0313339   -0.00429533
0.159   0.257129   -0.0369572   0.0318558   -0.00422346   0.256816   -0.036852   0.0317533   -0.00421635
0.16   0.258549   -0.0362968   0.0322472   -0.00414553   0.258292   -0.0362013   0.0321644   -0.00413867
0.161   0.259931   -0.0356473   0.0326295   -0.00406886   0.259731   -0.0355618   0.0325672   -0.00406227
0.162   0.261275   -0.0350086   0.033003   -0.00399341   0.261135   -0.0349335   0.0329617   -0.00398707
0.163   0.262583   -0.0343804   0.0333678   -0.00391918   0.262503   -0.034316   0.0333479   -0.00391311
0.164   0.263856   -0.0337627   0.0337241   -0.00384613   0.263837   -0.0337093   0.0337259   -0.00384036
0.165   0.265095   -0.0331552   0.034072   -0.00377425   0.265136   -0.0331131   0.0340957   -0.00376878
0.166   0.266299   -0.0325578   0.0344118   -0.00370353   0.266401   -0.0325268   0.0344565   -0.00369838
0.167   0.267471   -0.0319704   0.0347435   -0.00363393   0.267633   -0.0319507   0.0348107   -0.00362906
0.168   0.268611   -0.0313929   0.0350674   -0.00356545   0.268832   -0.0313844   0.035156   -0.00356089
0.169   0.269781   -0.0308435   0.0353985   -0.00349882   0.269998   -0.0308278   0.0354931   -0.00349382
0.17   0.270968   -0.0303183   0.0357341   -0.00343389   0.271132   -0.0302806   0.0358222   -0.00342782
0.171   0.272117   -0.0298   0.0360601   -0.00336991   0.272234   -0.0297426   0.0361431   -0.0033629
0.172   0.273229   -0.0292884   0.0363767   -0.00330687   0.273305   -0.0292136   0.036456   -0.00329897
0.173   0.274304   -0.0287836   0.036684   -0.00324474   0.274344   -0.0286935   0.0367609   -0.00323609
0.174   0.275343   -0.0282855   0.0369822   -0.00318353   0.275352   -0.0281822   0.0370577   -0.00317421
0.175   0.276347   -0.0277938   0.0372714   -0.00312322   0.27633   -0.0276793   0.0373465   -0.00311333
0.176   0.277317   -0.0273087   0.0375517   -0.00306378   0.277278   -0.0271848   0.0376269   -0.00305341
0.177   0.278253   -0.0268301   0.0378233   -0.00300522   0.278196   -0.0266985   0.0379003   -0.00299444
0.178   0.279156   -0.0263578   0.0380863   -0.00294752   0.279085   -0.0262203   0.0381652   -0.00293642
0.179   0.280027   -0.0258918   0.0383409   -0.00289066   0.279944   -0.0257499   0.0384222   -0.00287932
0.18   0.280866   -0.025432   0.038587   -0.00283463   0.280775   -0.0252873   0.0386712   -0.00282322
0.181   0.281673   -0.0249785   0.0388249   -0.00277943   0.281577   -0.0248323   0.0389124   -0.00276783
0.182   0.28245   -0.0245311   0.0390546   -0.00272504   0.282351   -0.0243847   0.0391457   -0.00271341
0.183   0.283198   -0.0240897   0.0392762   -0.00267146   0.283096   -0.0239445   0.0393711   -0.00265986
0.184   0.283915   -0.0236544   0.0394898   -0.00261866   0.283814   -0.0235113   0.0395885   -0.00260716
0.185   0.284604   -0.0232251   0.0396955   -0.00256665   0.284504   -0.0230861   0.0397983   -0.0025553
0.186   0.285264   -0.0228017   0.0398934   -0.0025154   0.285168   -0.0226665   0.0400002   -0.00250426
0.187   0.285895   -0.0223841   0.0400835   -0.00246492   0.285787   -0.0222538   0.0401942   -0.00245403
0.188   0.2865   -0.0219724   0.0402659   -0.0024152   0.286423   -0.0218481   0.0403803   -0.00240461
0.189   0.287077   -0.0215665   0.0404407   -0.00236621   0.286996   -0.0214489   0.040559   -0.00235597
0.19   0.287627   -0.0211664   0.040608   -0.00231797   0.287552   -0.0210562   0.0407297   -0.0023081
0.191   0.288151   -0.0207719   0.0407677   -0.00227045   0.288083   -0.0206698   0.0408925   -0.002261
0.192   0.288648   -0.0203831   0.0409199   -0.00222365   0.288587   -0.0202896   0.0410478   -0.00221465
0.193   0.28912   -0.0199999   0.0410648   -0.00217756   0.289064   -0.0199154   0.0411952   -0.00216905
0.194   0.289566   -0.0196223   0.0412022   -0.00213217   0.28952   -0.0195474   0.041335   -0.00212417
0.195   0.289988   -0.0192503   0.0413323   -0.00208748   0.289948   -0.019185   0.0414671   -0.00208001
0.196   0.290384   -0.0188837   0.0414551   -0.00204348   0.290351   -0.0188285   0.0415914   -0.00203656
0.197   0.290756   -0.0185227   0.0415706   -0.00200016   0.29073   -0.0184776   0.0417081   -0.00199389
0.198   0.291103   -0.0181671   0.0416788   -0.00195752   0.291082   -0.0181323   0.0418171   -0.00195174
0.199   0.291426   -0.017817   0.0417798   -0.00191555   0.291411   -0.0177925   0.0419185   -0.00191035
0.2   0.291726   -0.0174722   0.0418735   -0.00187424   0.291716   -0.017458   0.0420122   -0.00186963
0.201   0.291919   -0.0171591   0.041935   -0.00183539   0.291996   -0.0171289   0.0420983   -0.00182957
0.202   0.292096   -0.0168494   0.0419911   -0.00179707   0.292253   -0.016805   0.0421768   -0.00179015
0.203   0.292255   -0.0165431   0.0420419   -0.00175925   0.292485   -0.0164861   0.0422477   -0.00175138
0.204   0.292397   -0.0162402   0.0420873   -0.00172195   0.292694   -0.0161723   0.042311   -0.00171324
0.205   0.292521   -0.0159406   0.0421273   -0.00168514   0.292879   -0.0158635   0.0423667   -0.00167572
0.206   0.292629   -0.0156444   0.0421618   -0.00164884   0.293041   -0.0155595   0.0424149   -0.00163881
0.207   0.292719   -0.0153515   0.0421909   -0.00161303   0.293179   -0.0152603   0.0424555   -0.00160251
0.208   0.292792   -0.015062   0.0422146   -0.00157772   0.293295   -0.0149658   0.0424886   -0.0015668
0.209   0.292849   -0.0147759   0.0422327   -0.0015429   0.293387   -0.0146759   0.0425142   -0.00153168
0.21   0.292888   -0.014493   0.0422453   -0.00150856   0.293456   -0.0143905   0.0425322   -0.00149714
0.211   0.292911   -0.0142135   0.0422523   -0.0014747   0.293503   -0.0141097   0.0425429   -0.00146318
0.212   0.292916   -0.0139374   0.0422536   -0.00144133   0.293527   -0.0138332   0.0425462   -0.00142978
0.213   0.292905   -0.0136646   0.0422493   -0.00140843   0.293529   -0.0135611   0.0425417   -0.00139693
0.214   0.292876   -0.0133951   0.0422393   -0.001376   0.293508   -0.0132932   0.0425299   -0.00136464
0.215   0.29283   -0.013129   0.0422234   -0.00134405   0.293465   -0.0130295   0.0425107   -0.00133288
0.216   0.292767   -0.0128662   0.0422017   -0.00131256   0.293399   -0.01277   0.0424841   -0.00130167
0.217   0.292687   -0.0126067   0.0421742   -0.00128154   0.293312   -0.0125145   0.04245   -0.00127098
0.218   0.292589   -0.0123506   0.0421406   -0.00125099   0.293201   -0.0122631   0.0424086   -0.00124081
0.219   0.292473   -0.0120978   0.042101   -0.0012209   0.293071   -0.0120155   0.0423599   -0.00121116
0.22   0.29234   -0.0118483   0.0420553   -0.00119126   0.292918   -0.0117718   0.0423037   -0.00118201
0.221   0.292189   -0.0116022   0.0420035   -0.00116209   0.292744   -0.011532   0.0422403   -0.00115336
0.222   0.292021   -0.0113595   0.0419454   -0.00113337   0.292547   -0.0112959   0.0421695   -0.00112521
0.223   0.291833   -0.0111201   0.0418809   -0.00110511   0.292329   -0.0110635   0.0420914   -0.00109755
0.224   0.291628   -0.010884   0.04181   -0.0010773   0.29209   -0.0108348   0.042006   -0.00107037
0.225   0.291404   -0.0106514   0.0417326   -0.00104994   0.291828   -0.0106096   0.0419133   -0.00104366
0.226   0.291161   -0.0104221   0.0416486   -0.00102304   0.291546   -0.010388   0.0418134   -0.00101743
0.227   0.290899   -0.0101961   0.0415579   -0.000996583   0.291243   -0.0101699   0.0417063   -0.000991653
0.228   0.290617   -0.00997357   0.0414603   -0.000970577   0.290918   -0.00997241   0.0415919   -0.000966339
0.229   0.290316   -0.0097544   0.0413558   -0.000945019   0.290572   -0.00974388   0.0414701   -0.000941476
0.23   0.289863   -0.00955016   0.0411989   -0.00092117   0.290205   -0.00953591   0.0413417   -0.000917061
0.231   0.289363   -0.00935157   0.0410259   -0.000898016   0.289818   -0.00933117   0.0412058   -0.000893085
0.232   0.288857   -0.00915524   0.0408502   -0.00087518   0.289408   -0.0091297   0.0410628   -0.000869547
0.233   0.288342   -0.00896117   0.0406717   -0.000852664   0.288979   -0.00893141   0.0409126   -0.000846435
0.234   0.28782   -0.00876937   0.0404903   -0.000830467   0.288528   -0.00873628   0.0407554   -0.00082375
0.235   0.287289   -0.00857985   0.0403059   -0.000808589   0.288056   -0.00854422   0.0405911   -0.000801483
0.236   0.286749   -0.00839262   0.0401183   -0.00078703   0.287564   -0.00835521   0.0404196   -0.000779631
0.237   0.286201   -0.00820768   0.0399274   -0.000765789   0.287051   -0.00816922   0.0402414   -0.000758187
0.238   0.285642   -0.00802506   0.039733   -0.000744867   0.286517   -0.00798628   0.040056   -0.000737148
0.239   0.285074   -0.00784475   0.0395351   -0.000724264   0.285962   -0.00780609   0.0398636   -0.000716508
0.24   0.284495   -0.00766676   0.0393335   -0.000703979   0.285387   -0.00762886   0.0396643   -0.000696262
0.241   0.283905   -0.00749111   0.039128   -0.000684014   0.284791   -0.00745449   0.039458   -0.000676405
0.242   0.283304   -0.00731781   0.0389185   -0.000664369   0.284174   -0.0072829   0.0392448   -0.000656934
0.243   0.282691   -0.00714686   0.0387049   -0.000645044   0.283537   -0.00711407   0.0390248   -0.000637842
0.244   0.282065   -0.00697828   0.0384869   -0.000626039   0.282879   -0.006948   0.0387979   -0.000619126
0.245   0.281426   -0.00681207   0.0382645   -0.000607356   0.2822   -0.00678458   0.0385641   -0.00060078
0.246   0.280773   -0.00664824   0.0380375   -0.000588995   0.281501   -0.00662382   0.0383236   -0.000582799
0.247   0.280106   -0.0064868   0.0378056   -0.000570956   0.280781   -0.00646568   0.0380762   -0.000565182
0.248   0.279424   -0.00632777   0.0375688   -0.000553241   0.280041   -0.00631012   0.0378223   -0.00054792
0.249   0.278726   -0.00617115   0.0373269   -0.000535851   0.27928   -0.0061571   0.0375615   -0.000531013
0.25   0.278012   -0.00601695   0.0370796   -0.000518787   0.278498   -0.0060066   0.037294   -0.000514454
0.251   0.277281   -0.00586518   0.0368268   -0.00050205   0.277695   -0.00585857   0.0370199   -0.000498239
0.252   0.276532   -0.00571586   0.0365684   -0.00048564   0.276872   -0.00571299   0.0367392   -0.000482366
0.253   0.275765   -0.00556898   0.036304   -0.000469561   0.276027   -0.00556982   0.036452   -0.000466828
0.254   0.274978   -0.00542456   0.0360335   -0.000453813   0.275162   -0.00542903   0.0361581   -0.000451623
0.255   0.274078   -0.00528479   0.0357322   -0.000438867   0.274276   -0.0052906   0.0358578   -0.00043675
0.256   0.27305   -0.00514999   0.0353963   -0.000424789   0.27337   -0.00515449   0.035551   -0.000422192
0.257   0.272019   -0.00501723   0.0350588   -0.000410952   0.272442   -0.00502065   0.0352377   -0.000407961
0.258   0.270984   -0.00488651   0.0347192   -0.000397357   0.271493   -0.00488909   0.0349181   -0.000394048
0.259   0.269944   -0.00475785   0.0343776   -0.000384005   0.270524   -0.00475976   0.034592   -0.000380441
0.26   0.2689   -0.00463123   0.0340337   -0.000370896   0.269532   -0.00463263   0.0342597   -0.000367143
0.261   0.267849   -0.00450667   0.0336873   -0.000358032   0.26852   -0.00450768   0.0339211   -0.000354153
0.262   0.266791   -0.00438416   0.0333383   -0.000345412   0.267468   -0.00438487   0.0335763   -0.000341463
0.263   0.265725   -0.0042637   0.0329865   -0.000333038   0.266432   -0.00426422   0.0332252   -0.000329071
0.264   0.264651   -0.00414528   0.0326318   -0.000320911   0.265355   -0.00414723   0.0328681   -0.000316973
0.265   0.263567   -0.00402891   0.0322738   -0.000309031   0.264257   -0.0040291   0.0325048   -0.000305165
0.266   0.262472   -0.00391458   0.0319124   -0.000297399   0.263136   -0.00391463   0.0321355   -0.000293643
0.267   0.261366   -0.00380228   0.0315475   -0.000286017   0.261995   -0.00380225   0.0317602   -0.000282404
0.268   0.260247   -0.00369201   0.0311788   -0.000274885   0.26083   -0.00369174   0.031379   -0.000271453
0.269   0.259114   -0.00358376   0.0308062   -0.000264004   0.259644   -0.00358325   0.0309918   -0.000260761
0.27   0.257966   -0.00347751   0.0304293   -0.000253376   0.258434   -0.00347673   0.0305989   -0.00025035
0.271   0.256801   -0.00337325   0.0300481   -0.000243   0.257204   -0.00337213   0.0302001   -0.000240208
0.272   0.255619   -0.00327098   0.0296622   -0.000232878   0.25595   -0.00326943   0.0297957   -0.000230331
0.273   0.254419   -0.00317066   0.0292714   -0.00022301   0.254673   -0.00316862   0.0293856   -0.000220716
0.274   0.253198   -0.00307229   0.0288755   -0.000213399   0.253373   -0.00306966   0.0289699   -0.000211361
0.275   0.251955   -0.00297583   0.0284743   -0.000204044   0.252049   -0.00297255   0.0285486   -0.00020226
0.276   0.250557   -0.0028775   0.0280413   -0.00019512   0.250702   -0.00287726   0.0281219   -0.000193411
0.277   0.249096   -0.00277994   0.0275948   -0.000186505   0.24933   -0.00278376   0.0276898   -0.000184812
0.278   0.24763   -0.00268481   0.0271464   -0.000178121   0.247935   -0.00269203   0.0272524   -0.000176457
0.279   0.246156   -0.00259208   0.0266958   -0.000169969   0.246514   -0.00260207   0.0268097   -0.000168344
0.28   0.244673   -0.00250175   0.0262429   -0.000162048   0.24507   -0.00251384   0.0263619   -0.000160471
0.281   0.243181   -0.00241377   0.0257876   -0.000154358   0.2436   -0.00242733   0.0259089   -0.000152833
0.282   0.241678   -0.00232812   0.0253297   -0.000146899   0.242104   -0.00234253   0.025451   -0.000145427
0.283   0.240162   -0.00224477   0.024869   -0.000139669   0.240583   -0.00225941   0.0249881   -0.000138251
0.284   0.238631   -0.00216367   0.0244054   -0.000132668   0.239034   -0.00217796   0.0245204   -0.0001313
0.285   0.237085   -0.00208479   0.0239388   -0.000125894   0.237459   -0.00209815   0.0240479   -0.000124572
0.286   0.235521   -0.00200806   0.0234689   -0.000119347   0.235856   -0.00201998   0.0235709   -0.000118064
0.287   0.233937   -0.00193345   0.0229956   -0.000113024   0.234227   -0.00194343   0.0230892   -0.000111773
0.288   0.232332   -0.00186087   0.0225188   -0.000106923   0.232568   -0.00186847   0.0226031   -0.000105694
0.289   0.230703   -0.00179025   0.0220383   -0.000101042   0.230879   -0.0017951   0.0221126   -9.98256e-05
0.29   0.229048   -0.00172151   0.0215539   -9.5378e-05   0.229162   -0.00172329   0.021618   -9.41642e-05
0.291   0.227365   -0.00165456   0.0210655   -8.99268e-05   0.227414   -0.00165304   0.0211192   -8.87065e-05
0.292   0.225582   -0.00158294   0.0205669   -8.44409e-05   0.225634   -0.00158433   0.0206164   -8.34498e-05
0.293   0.223717   -0.00150852   0.0200598   -7.89917e-05   0.223822   -0.00151714   0.0201098   -7.83901e-05
0.294   0.221835   -0.00143724   0.0195498   -7.38075e-05   0.221977   -0.00145149   0.0195994   -7.35251e-05
0.295   0.219933   -0.00136905   0.019037   -6.88852e-05   0.220099   -0.0013873   0.0190855   -6.88511e-05
0.296   0.218009   -0.00130386   0.0185213   -6.42213e-05   0.218185   -0.00132459   0.0185681   -6.43654e-05
0.297   0.216061   -0.00124159   0.0180026   -5.98116e-05   0.216235   -0.00126337   0.0180474   -6.00647e-05
0.298   0.214085   -0.00118215   0.017481   -5.56509e-05   0.214248   -0.00120361   0.0175235   -5.59458e-05
0.299   0.21208   -0.00112542   0.0169565   -5.17327e-05   0.212222   -0.0011453   0.0169946   -5.20058e-05
0.3   0.210041   -0.00107126   0.016429   -4.80495e-05   0.210155   -0.00108843   0.0164671   -4.82408e-05
0.301   0.207967   -0.0010195   0.0158987   -4.45923e-05   0.208046   -0.00103298   0.0159348   -4.46484e-05
0.302   0.205852   -0.000969968   0.0153656   -4.13504e-05   0.205894   -0.000978955   0.0154002   -4.12252e-05
0.303   0.203694   -0.000922432   0.0148299   -3.83108e-05   0.203695   -0.000926334   0.0148633   -3.7968e-05
0.304   0.201462   -0.000870982   0.0142955   -3.51292e-05   0.201451   -0.000875113   0.0143245   -3.48735e-05
0.305   0.199141   -0.000813521   0.0137639   -3.1683e-05   0.199154   -0.000825281   0.0137839   -3.19387e-05
0.306   0.196778   -0.000760073   0.0132285   -2.85554e-05   0.196805   -0.000776832   0.0132417   -2.91598e-05
0.307   0.194366   -0.000710487   0.0126894   -2.57366e-05   0.194391   -0.000729758   0.0126983   -2.65341e-05
0.308   0.191902   -0.000664576   0.012147   -2.32142e-05   0.191914   -0.000684052   0.0121539   -2.40581e-05
0.309   0.18938   -0.000622106   0.0116017   -2.09724e-05   0.189409   -0.000639709   0.0116088   -2.17284e-05
0.31   0.186796   -0.000582787   0.0110539   -1.89917e-05   0.186815   -0.000596725   0.0110633   -1.95418e-05
0.311   0.184142   -0.000546258   0.0105042   -1.72472e-05   0.18415   -0.000555094   0.0105178   -1.74948e-05
0.312   0.181413   -0.000512072   0.00995336   -1.57081e-05   0.181407   -0.000514834   0.00997265   -1.55839e-05
0.313   0.178595   -0.000471576   0.00941427   -1.37786e-05   0.178581   -0.000475882   0.00942818   -1.38058e-05
0.314   0.175683   -0.000427291   0.00888343   -1.16313e-05   0.175666   -0.000438297   0.00888484   -1.21568e-05
0.315   0.172672   -0.000388031   0.00834819   -9.87103e-06   0.172637   -0.000402061   0.00834306   -1.06335e-05
0.316   0.169552   -0.000353433   0.00780945   -8.47069e-06   0.169532   -0.000367175   0.00780346   -9.23201e-06
0.317   0.166311   -0.000322999   0.00726842   -7.3928e-06   0.166294   -0.000333641   0.00726647   -7.94885e-06
0.318   0.162936   -0.000296053   0.00672673   -6.58618e-06   0.16292   -0.000301465   0.00673275   -6.78007e-06
0.319   0.159421   -0.000269244   0.00619132   -5.79839e-06   0.15941   -0.000270655   0.00620296   -5.72193e-06
0.32   0.155773   -0.000233148   0.00568111   -4.32098e-06   0.155731   -0.00024122   0.00567787   -4.77042e-06
0.321   0.151919   -0.000203356   0.00516629   -3.32109e-06   0.151866   -0.000213174   0.0051583   -3.92147e-06
0.322   0.147833   -0.000179092   0.00464922   -2.73674e-06   0.147787   -0.000186534   0.00464523   -3.17091e-06
0.323   0.143483   -0.000159149   0.00413344   -2.47103e-06   0.143459   -0.000161318   0.00413976   -2.51442e-06
0.324   0.138881   -0.000132957   0.00364448   -1.68684e-06   0.138838   -0.000137556   0.00364315   -1.9475e-06
0.325   0.133915   -0.000109318   0.00316299   -1.07597e-06   0.133867   -0.00011528   0.00315693   -1.46549e-06
0.326   0.128484   -9.21445e-05   0.00268145   -9.41705e-07   0.128466   -9.453e-05   0.00268287   -1.06352e-06
0.327   0.122565   -7.2443e-05   0.00222416   -5.50439e-07   0.122527   -7.53632e-05   0.00222319   -7.36436e-07
0.328   0.115931   -5.52808e-05   0.00178103   -3.06685e-07   0.115889   -5.78493e-05   0.00178066   -4.78753e-07
0.329   0.108338   -4.03148e-05   0.00135831   -1.66294e-07   0.108304   -4.20841e-05   0.00135891   -2.846e-07
0.33   0.099349   -2.7718e-05   0.000959829   -1.29495e-07   0.0993483   -2.82023e-05   0.000962936   -1.47552e-07
0.331   0.0882259   -1.59594e-05   0.000598286   -3.57266e-08   0.0882055   -1.64063e-05   0.000600196   -6.04318e-08
0.332   0.072892   -6.6288e-06   0.000282744   1.4402e-08   0.0728756   -7.03929e-06   0.000283463   -1.4902e-08
0.333   0.0443708   -8.62353e-07   4.19041e-05   -1.77368e-10   0.0443675   -0   4.2794e-05   -0
