0.0001   -3.47188e-06   -0.00145337   2.49359e-10   2.49359e-10   8.07182e-11   -0.000137302   0   -3.04872e-20   1   2.22045e-16
0.000103753   -4.48032e-06   -0.00145337   2.59967e-10   2.59967e-10   -1.49865e-09   -0.000137302   0   -3.04872e-20   1   2.22045e-16
0.000107647   -5.35487e-06   -0.00145338   2.70858e-10   2.70858e-10   -3.03809e-09   -0.000137302   0   -3.04872e-20   1   2.22045e-16
0.000111686   -6.02283e-06   -0.00145338   2.82029e-10   2.82029e-10   -4.44533e-09   -0.000137302   0   -3.04872e-20   1   2.22045e-16
0.000115878   -6.41017e-06   -0.00145339   2.93471e-10   2.93471e-10   -5.6229e-09   -0.000137302   0   -3.04872e-20   1   2.22045e-16
0.000120226   -6.44152e-06   -0.00145339   3.05176e-10   3.05176e-10   -6.46776e-09   -0.000137302   0   -3.04872e-20   1   2.22045e-16
0.000124738   -6.0401e-06   -0.0014534   3.17134e-10   3.17134e-10   -6.87106e-09   -0.000137302   0   -3.04872e-20   1   2.22045e-16
0.00012942   -5.12771e-06   -0.0014534   3.29332e-10   3.29332e-10   -6.71773e-09   -0.000137302   0   -3.04872e-20   1   2.22045e-16
0.000134276   -3.62469e-06   -0.00145341   3.41754e-10   3.41754e-10   -5.88618e-09   -0.000137302   0   -3.04872e-20   1   2.22045e-16
0.000139316   -1.4499e-06   -0.00145342   3.54383e-10   3.54383e-10   -4.24793e-09   -0.000137302   0   -6.09745e-20   1   4.44089e-16
0.000144544   1.47926e-06   -0.00145342   3.67199e-10   3.67199e-10   -1.66719e-09   -0.000137302   0   -6.09745e-20   1   4.44089e-16
0.000149968   2.27346e-06   -0.00145343   3.80177e-10   3.80177e-10   -1.89066e-09   -0.000137302   0   -6.09745e-20   1   4.44089e-16
0.000155597   1.13416e-06   -0.00145343   3.93291e-10   3.93291e-10   -4.61514e-09   -0.000137302   0   -6.09745e-20   1   4.44089e-16
0.000161436   7.95988e-08   -0.00145344   4.06511e-10   4.06511e-10   -7.15426e-09   -0.000137302   0   -6.09745e-20   1   4.44089e-16
0.000167494   -8.0129e-07   -0.00145345   4.19801e-10   4.19801e-10   -9.33867e-09   -0.000137302   0   -9.14617e-20   1   6.66134e-16
0.00017378   -1.41794e-06   -0.00145346   4.33123e-10   4.33123e-10   -1.09894e-08   -0.000137302   0   -9.14617e-20   1   6.66134e-16
0.000180302   -1.67811e-06   -0.00145346   4.46434e-10   4.46434e-10   -1.19173e-08   -0.000137302   0   -9.14617e-20   1   6.66134e-16
0.000187068   -1.48784e-06   -0.00145347   4.59684e-10   4.59684e-10   -1.19226e-08   -0.000137302   0   -1.21949e-19   1   8.88178e-16
0.000194089   -7.51439e-07   -0.00145348   4.7282e-10   4.7282e-10   -1.0794e-08   -0.000137302   0   -1.21949e-19   1   8.88178e-16
0.000201372   6.28543e-07   -0.00145349   4.85781e-10   4.85781e-10   -8.30825e-09   -0.000137302   0   -1.52436e-19   1   1.11022e-15
0.00020893   2.75137e-06   -0.0014535   4.98501e-10   4.98501e-10   -4.22958e-09   -0.000137302   0   -1.52436e-19   1   1.11022e-15
0.00021677   4.83034e-06   -0.00145351   5.10905e-10   5.10905e-10   -2.54322e-10   -0.000137302   0   -1.82923e-19   1   1.33227e-15
0.000224905   2.83081e-06   -0.00145352   5.22913e-10   5.22913e-10   -5.18821e-09   -0.000137302   0   -1.82923e-19   1   1.33227e-15
0.000233346   8.76559e-07   -0.00145353   5.34435e-10   5.34435e-10   -9.94414e-09   -0.000137302   0   -2.13411e-19   1   1.55431e-15
0.000242103   -9.25611e-07   -0.00145354   5.45373e-10   5.45373e-10   -1.4228e-08   -0.000137302   0   -2.43898e-19   1   1.77636e-15
0.000251189   -2.46692e-06   -0.00145355   5.55617e-10   5.55617e-10   -1.77288e-08   -0.000137302   0   -2.74385e-19   1   1.9984e-15
0.000260615   -3.63657e-06   -0.00145356   5.65051e-10   5.65051e-10   -2.01182e-08   -0.000137302   0   -3.04872e-19   1   2.22045e-15
0.000270396   -4.32174e-06   -0.00145357   5.73543e-10   5.73543e-10   -2.1049e-08   -0.000137302   0   -3.3536e-19   1   2.44249e-15
0.000280543   -4.4075e-06   -0.00145358   5.80953e-10   5.80953e-10   -2.01543e-08   -0.000137302   0   -3.65847e-19   1   2.66454e-15
0.000291072   -3.77681e-06   -0.00145359   5.87124e-10   5.87124e-10   -1.70466e-08   -0.000137302   0   -4.26821e-19   1   3.10862e-15
0.000301995   -2.31049e-06   -0.00145361   5.9189e-10   5.9189e-10   -1.13161e-08   -0.000137302   0   -4.87796e-19   1   3.55271e-15
0.000313329   1.12872e-07   -0.00145362   5.95065e-10   5.95065e-10   -2.53001e-09   -0.000137302   0   -5.18283e-19   1   3.77476e-15
0.000325087   -1.09396e-06   -0.00145363   5.96449e-10   5.96449e-10   -6.42142e-09   -0.000137302   0   -5.79258e-19   1   4.21885e-15
0.000337287   -3.64897e-06   -0.00145365   5.95824e-10   5.95824e-10   -1.50964e-08   -0.000137302   0   -6.70719e-19   1   4.88498e-15
0.000349945   -5.99416e-06   -0.00145366   5.92954e-10   5.92954e-10   -2.31304e-08   -0.000137302   0   -7.31694e-19   1   5.32907e-15
0.000363078   -7.99895e-06   -0.00145368   5.87583e-10   5.87583e-10   -2.99838e-08   -0.000137302   0   -8.23156e-19   1   5.9952e-15
0.000376704   -9.53031e-06   -0.00145369   5.7943e-10   5.7943e-10   -3.5086e-08   -0.000137302   0   -9.14617e-19   1   6.66134e-15
0.000390841   -1.04528e-05   -0.00145371   5.68195e-10   5.68195e-10   -3.78344e-08   -0.000137302   0   -1.03657e-18   1   7.54952e-15
0.000405509   -1.06285e-05   -0.00145373   5.53551e-10   5.53551e-10   -3.75919e-08   -0.000137302   0   -1.15852e-18   1   8.43769e-15
0.000420727   -9.91696e-06   -0.00145375   5.35142e-10   5.35142e-10   -3.36855e-08   -0.000137302   0   -1.28046e-18   1   9.32587e-15
0.000436516   -8.17505e-06   -0.00145376   5.12587e-10   5.12587e-10   -2.54038e-08   -0.000137302   0   -1.4329e-18   1   1.04361e-14
0.000452898   -5.25711e-06   -0.00145378   4.85472e-10   4.85472e-10   -1.19954e-08   -0.000137302   0   -1.58534e-18   1   1.15463e-14
0.000469894   -3.55046e-06   -0.0014538   4.53348e-10   4.53348e-10   -5.01747e-09   -0.000137302   0   -1.76826e-18   1   1.28786e-14
0.000487528   -6.38353e-06   -0.00145382   4.15734e-10   4.15734e-10   -2.05781e-08   -0.000137302   0   -1.98167e-18   1   1.44329e-14
0.000505825   -9.00258e-06   -0.00145385   3.72107e-10   3.72107e-10   -3.53856e-08   -0.000137302   0   -2.22557e-18   1   1.62093e-14
0.000524807   -1.12509e-05   -0.00145387   3.21905e-10   3.21905e-10   -4.85028e-08   -0.000137302   0   -2.46947e-18   1   1.79856e-14
0.000544503   -1.2969e-05   -0.00145389   2.64523e-10   2.64523e-10   -5.89396e-08   -0.000137302   0   -2.77434e-18   1   2.02061e-14
0.000564937   -1.39943e-05   -0.00145392   1.99307e-10   1.99307e-10   -6.56496e-08   -0.000137302   0   -3.1097e-18   1   2.26485e-14
0.000586138   -1.41614e-05   -0.00145394   1.25553e-10   1.25553e-10   -6.75273e-08   -0.000137302   0   -3.44506e-18   1   2.5091e-14
0.000608135   -1.33018e-05   -0.00145397   4.25035e-11   4.25035e-11   -6.34044e-08   -0.000137302   0   -3.87188e-18   1   2.81997e-14
0.000630957   -1.12439e-05   -0.00145399   -5.06569e-11   -5.0657e-11   -5.20465e-08   -0.000137302   0   -4.2987e-18   1   3.13083e-14
0.000654636   -7.81307e-06   -0.00145402   -1.54806e-10   -1.54806e-10   -3.21491e-08   -0.000137302   0   -4.81699e-18   1   3.5083e-14
0.000679204   -2.83137e-06   -0.00145405   -2.70886e-10   -2.70886e-10   -2.33414e-09   -0.000137302   0   -5.36576e-18   1   3.90799e-14
0.000704693   -5.205e-06   -0.00145408   -3.99911e-10   -3.99912e-10   -2.48407e-08   -0.000137302   0   -6.00599e-18   1   4.37428e-14
0.000731139   -8.16454e-06   -0.00145411   -5.42973e-10   -5.42973e-10   -5.19761e-08   -0.000137302   0   -6.70719e-18   1   4.88498e-14
0.000758578   -1.07692e-05   -0.00145414   -7.0124e-10   -7.0124e-10   -7.6835e-08   -0.000137302   0   -7.49986e-18   1   5.4623e-14
0.000787046   -1.28277e-05   -0.00145418   -8.7597e-10   -8.7597e-10   -9.76993e-08   -0.000137302   0   -8.35351e-18   1   6.08402e-14
0.000816582   -1.41454e-05   -0.00145421   -1.06851e-09   -1.06851e-09   -1.12754e-07   -0.000137302   0   -9.35958e-18   1   6.81677e-14
0.000847227   -1.4524e-05   -0.00145425   -1.28031e-09   -1.28032e-09   -1.2008e-07   -0.000137302   0   -1.04266e-17   1   7.59393e-14
0.000879023   -1.37617e-05   -0.00145428   -1.51293e-09   -1.51293e-09   -1.17653e-07   -0.000137302   0   -1.16461e-17   1   8.4821e-14
0.000912011   -1.16528e-05   -0.00145432   -1.76803e-09   -1.76803e-09   -1.03329e-07   -0.000137302   0   -1.30181e-17   1   9.4813e-14
0.000946237   -7.98825e-06   -0.00145436   -2.04739e-09   -2.04739e-09   -7.48481e-08   -0.000137302   0   -1.45424e-17   1   1.05915e-13
0.000981748   -2.55488e-06   -0.00145441   -2.35294e-09   -2.35294e-09   -2.98184e-08   -0.000137302   0   -1.62497e-17   1   1.1835e-13
0.00101859   -1.19816e-06   -0.00145445   -2.68671e-09   -2.68672e-09   -2.50665e-08   -0.000137302   0   -1.81399e-17   1   1.32117e-13
0.00105682   -5.36355e-06   -0.00145449   -3.05092e-09   -3.05092e-09   -7.4235e-08   -0.000137302   0   -2.02435e-17   1   1.47438e-13
0.00109648   -9.31895e-06   -0.00145454   -3.44792e-09   -3.44792e-09   -1.20589e-07   -0.000137302   0   -2.26215e-17   1   1.64757e-13
0.00113763   -1.28355e-05   -0.00145459   -3.88022e-09   -3.88022e-09   -1.6115e-07   -0.000137302   0   -2.52739e-17   1   1.84075e-13
0.00118032   -1.56801e-05   -0.00145464   -4.35053e-09   -4.35053e-09   -1.92771e-07   -0.000137302   0   -2.82312e-17   1   2.05613e-13
0.00122462   -1.76157e-05   -0.00145469   -4.86172e-09   -4.86172e-09   -2.12127e-07   -0.000137302   0   -3.15238e-17   1   2.29594e-13
0.00127057   -1.84007e-05   -0.00145474   -5.41691e-09   -5.41691e-09   -2.15706e-07   -0.000137302   0   -3.52128e-17   1   2.56462e-13
0.00131826   -1.77894e-05   -0.0014548   -6.01938e-09   -6.01938e-09   -1.99795e-07   -0.000137302   0   -3.93285e-17   1   2.86438e-13
0.00136773   -1.55315e-05   -0.00145486   -6.67267e-09   -6.67267e-09   -1.60475e-07   -0.000137302   0   -4.39016e-17   1   3.19744e-13
0.00141906   -1.13723e-05   -0.00145492   -7.38057e-09   -7.38057e-09   -9.36035e-08   -0.000137302   0   -4.9054e-17   1   3.5727e-13
0.00147231   -6.13237e-06   -0.00145498   -8.14711e-09   -8.14711e-09   -1.15228e-08   -0.000137302   0   -5.47856e-17   1   3.99014e-13
0.00152757   -1.16858e-05   -0.00145505   -8.97662e-09   -8.97662e-09   -9.74977e-08   -0.000137302   0   -6.11879e-17   1   4.45644e-13
0.00158489   -1.70149e-05   -0.00145511   -9.87371e-09   -9.87371e-09   -1.80253e-07   -0.000137302   0   -6.83219e-17   1   4.97602e-13
0.00164437   -2.18461e-05   -0.00145518   -1.08433e-08   -1.08433e-08   -2.54629e-07   -0.000137302   0   -7.63096e-17   1   5.55778e-13
0.00170608   -2.59014e-05   -0.00145526   -1.18907e-08   -1.18907e-08   -3.15177e-07   -0.000137302   0   -8.52423e-17   1   6.20837e-13
0.00177011   -2.88975e-05   -0.00145533   -1.30215e-08   -1.30215e-08   -3.56138e-07   -0.000137302   0   -9.51812e-17   1   6.93223e-13
0.00183654   -3.05461e-05   -0.00145541   -1.42417e-08   -1.42417e-08   -3.71432e-07   -0.000137302   0   -1.06309e-16   1   7.7427e-13
0.00190546   -3.05541e-05   -0.00145549   -1.55577e-08   -1.55577e-08   -3.54633e-07   -0.000137302   0   -1.18748e-16   1   8.64864e-13
0.00197697   -2.86229e-05   -0.00145558   -1.69764e-08   -1.69764e-08   -2.98956e-07   -0.000137302   0   -1.3262e-16   1   9.65894e-13
0.00205116   -2.44488e-05   -0.00145566   -1.85051e-08   -1.85051e-08   -1.97232e-07   -0.000137302   0   -1.48107e-16   1   1.07869e-12
0.00212814   -1.77227e-05   -0.00145575   -2.01516e-08   -2.01516e-08   -4.18901e-08   -0.000137302   0   -1.65424e-16   1   1.20481e-12
0.002208   -1.90871e-05   -0.00145585   -2.19241e-08   -2.19241e-08   -7.93327e-08   -0.000137302   0   -1.84753e-16   1   1.34559e-12
0.00229087   -2.52145e-05   -0.00145594   -2.38317e-08   -2.38317e-08   -2.31294e-07   -0.000137302   0   -2.06338e-16   1   1.5028e-12
0.00237684   -3.07955e-05   -0.00145605   -2.58836e-08   -2.58836e-08   -3.73129e-07   -0.000137302   0   -2.30453e-16   1   1.67844e-12
0.00246604   -3.54989e-05   -0.00145615   -2.80901e-08   -2.80901e-08   -4.95414e-07   -0.000137302   0   -2.57373e-16   1   1.8745e-12
0.00255859   -3.89877e-05   -0.00145626   -3.04619e-08   -3.04619e-08   -5.88196e-07   -0.000137302   0   -2.87464e-16   1   2.09366e-12
0.00265461   -4.09191e-05   -0.00145637   -3.30104e-08   -3.30104e-08   -6.40963e-07   -0.000137302   0   -3.21061e-16   1   2.33835e-12
0.00275423   -4.09443e-05   -0.00145649   -3.57479e-08   -3.57479e-08   -6.42612e-07   -0.000137302   0   -3.58591e-16   1   2.61169e-12
0.00285759   -3.87085e-05   -0.00145661   -3.86874e-08   -3.86874e-08   -5.8142e-07   -0.000137302   0   -4.0048e-16   1   2.91678e-12
0.00296483   -3.38509e-05   -0.00145674   -4.18428e-08   -4.18428e-08   -4.45002e-07   -0.000137302   0   -4.47278e-16   1   3.25762e-12
0.0030761   -2.60045e-05   -0.00145687   -4.52289e-08   -4.52289e-08   -2.20284e-07   -0.000137302   0   -4.99564e-16   1   3.63842e-12
0.00319154   -1.94111e-05   -0.001457   -4.88615e-08   -4.88615e-08   -5.40825e-08   -0.000137302   0   -5.57947e-16   1   4.06364e-12
0.00331131   -2.50861e-05   -0.00145714   -5.27572e-08   -5.27572e-08   -3.28368e-07   -0.000137302   0   -6.23129e-16   1   4.53837e-12
0.00343558   -3.00949e-05   -0.00145729   -5.69341e-08   -5.69341e-08   -5.91035e-07   -0.000137302   0   -6.95963e-16   1   5.06883e-12
0.00356451   -3.40448e-05   -0.00145744   -6.14111e-08   -6.14111e-08   -8.25825e-07   -0.000137302   0   -7.77303e-16   1   5.66125e-12
0.00369828   -3.65366e-05   -0.0014576   -6.62085e-08   -6.62086e-08   -1.01557e-06   -0.000137302   0   -8.68124e-16   1   6.32272e-12
0.00383707   -3.71645e-05   -0.00145776   -7.1348e-08   -7.1348e-08   -1.14214e-06   -0.000137302   0   -9.69586e-16   1   7.06168e-12
0.00398107   -3.55158e-05   -0.00145793   -7.68523e-08   -7.68523e-08   -1.18641e-06   -0.000137302   0   -1.08291e-15   1   7.88702e-12
0.00413048   -3.11711e-05   -0.00145811   -8.27461e-08   -8.27461e-08   -1.12815e-06   -0.000137302   0   -1.20946e-15   1   8.80873e-12
0.00428549   -2.37039e-05   -0.00145829   -8.90552e-08   -8.90553e-08   -9.46053e-07   -0.000137302   0   -1.3508e-15   1   9.83813e-12
0.00444631   -1.26807e-05   -0.00145848   -9.58075e-08   -9.58075e-08   -6.17585e-07   -0.000137302   0   -1.50866e-15   1   1.09879e-11
0.00461318   2.33889e-06   -0.00145867   -1.03032e-07   -1.03032e-07   -1.18977e-07   -0.000137302   0   -1.68497e-15   1   1.2272e-11
0.0047863   -8.92878e-07   -0.00145888   -1.10761e-07   -1.10761e-07   -4.16117e-07   -0.000137302   0   -1.88186e-15   1   1.37059e-11
0.00496592   -8.20331e-06   -0.00145909   -1.19027e-07   -1.19027e-07   -8.83522e-07   -0.000137302   0   -2.10179e-15   1   1.53078e-11
0.00515229   -1.49942e-05   -0.00145931   -1.27865e-07   -1.27865e-07   -1.31265e-06   -0.000137302   0   -2.3474e-15   1   1.70965e-11
0.00534564   -2.07959e-05   -0.00145953   -1.37314e-07   -1.37314e-07   -1.67399e-06   -0.000137302   0   -2.62172e-15   1   1.90945e-11
0.00554626   -2.51312e-05   -0.00145977   -1.47413e-07   -1.47413e-07   -1.93639e-06   -0.000137302   0   -2.92812e-15   1   2.13261e-11
0.0057544   -2.75156e-05   -0.00146001   -1.58205e-07   -1.58205e-07   -2.06697e-06   -0.000137302   0   -3.27031e-15   1   2.38183e-11
0.00597035   -2.74568e-05   -0.00146027   -1.69736e-07   -1.69736e-07   -2.03106e-06   -0.000137302   0   -3.65249e-15   1   2.66018e-11
0.00619441   -2.44549e-05   -0.00146053   -1.82052e-07   -1.82053e-07   -1.79204e-06   -0.000137302   0   -4.07932e-15   1   2.97105e-11
0.00642688   -1.80023e-05   -0.00146081   -1.95207e-07   -1.95207e-07   -1.31128e-06   -0.000137302   0   -4.55604e-15   1   3.31826e-11
0.00666807   -7.58362e-06   -0.00146109   -2.09253e-07   -2.09253e-07   -5.48016e-07   -0.000137302   0   -5.08847e-15   1   3.70604e-11
0.00691831   -3.60628e-06   -0.00146138   -2.24249e-07   -2.24249e-07   -3.06729e-07   -0.000137302   0   -5.68313e-15   1   4.13913e-11
0.00717794   -1.33401e-05   -0.00146169   -2.40256e-07   -2.40257e-07   -1.14699e-06   -0.000137302   0   -6.34729e-15   1   4.62286e-11
0.00744732   -2.23573e-05   -0.001462   -2.5734e-07   -2.5734e-07   -1.94402e-06   -0.000137302   0   -7.08905e-15   1   5.16309e-11
0.00772681   -3.01109e-05   -0.00146233   -2.75569e-07   -2.75569e-07   -2.64731e-06   -0.000137302   0   -7.91751e-15   1   5.76648e-11
0.00801678   -3.60458e-05   -0.00146267   -2.95017e-07   -2.95018e-07   -3.20362e-06   -0.000137302   0   -8.84277e-15   1   6.44036e-11
0.00831764   -3.95991e-05   -0.00146303   -3.15763e-07   -3.15763e-07   -3.55677e-06   -0.000137302   0   -9.87616e-15   1   7.193e-11
0.00862979   -4.01995e-05   -0.00146339   -3.37889e-07   -3.37889e-07   -3.64752e-06   -0.000137302   0   -1.10303e-14   1   8.0336e-11
0.00895365   -3.72681e-05   -0.00146378   -3.61484e-07   -3.61484e-07   -3.41341e-06   -0.000137302   0   -1.23194e-14   1   8.97245e-11
0.00928966   -3.02176e-05   -0.00146417   -3.8664e-07   -3.8664e-07   -2.78854e-06   -0.000137302   0   -1.3759e-14   1   1.0021e-10
0.00963829   -1.84526e-05   -0.00146458   -4.13458e-07   -4.13458e-07   -1.70347e-06   -0.000137302   0   -1.5367e-14   1   1.11921e-10
0.01   -1.36974e-06   -0.00146501   -4.42042e-07   -4.42043e-07   -8.49611e-08   -0.000137302   0   -1.71628e-14   1   1.25e-10
0.0103753   -1.35195e-05   -0.00146545   -4.72506e-07   -4.72506e-07   -1.55213e-06   -0.000137302   0   -1.91685e-14   1   1.39608e-10
0.0107647   -2.52806e-05   -0.0014659   -5.04966e-07   -5.04966e-07   -2.97481e-06   -0.000137302   0   -2.14086e-14   1   1.55923e-10
0.0111686   -3.60251e-05   -0.00146638   -5.3955e-07   -5.3955e-07   -4.26722e-06   -0.000137302   0   -2.39105e-14   1   1.74145e-10
0.0115878   -4.51175e-05   -0.00146687   -5.76391e-07   -5.76391e-07   -5.33897e-06   -0.000137302   0   -2.67047e-14   1   1.94496e-10
0.0120226   -5.19142e-05   -0.00146738   -6.15631e-07   -6.15631e-07   -6.0948e-06   -0.000137302   0   -2.98256e-14   1   2.17225e-10
0.0124738   -5.57641e-05   -0.00146791   -6.57421e-07   -6.57421e-07   -6.43432e-06   -0.000137302   0   -3.3311e-14   1   2.42611e-10
0.012942   -5.60078e-05   -0.00146846   -7.01919e-07   -7.0192e-07   -6.25179e-06   -0.000137302   0   -3.72039e-14   1   2.70963e-10
0.0134276   -5.19786e-05   -0.00146903   -7.49296e-07   -7.49297e-07   -5.43581e-06   -0.000137302   0   -4.15516e-14   1   3.02629e-10
0.0139316   -4.3002e-05   -0.00146963   -7.99731e-07   -7.99732e-07   -3.86902e-06   -0.000137302   0   -4.64075e-14   1   3.37995e-10
0.0144544   -2.8396e-05   -0.00147024   -8.53414e-07   -8.53415e-07   -1.42784e-06   -0.000137302   0   -5.18309e-14   1   3.77494e-10
0.0149968   -2.72335e-05   -0.00147088   -9.10548e-07   -9.10549e-07   -1.57116e-06   -0.000137302   0   -5.7888e-14   1   4.21609e-10
0.0155597   -3.8049e-05   -0.00147154   -9.71346e-07   -9.71347e-07   -4.02213e-06   -0.000137302   0   -6.46529e-14   1   4.7088e-10
0.0161436   -4.73054e-05   -0.00147223   -1.03603e-06   -1.03604e-06   -6.30594e-06   -0.000137302   0   -7.22085e-14   1   5.25909e-10
0.0167494   -5.42921e-05   -0.00147294   -1.10486e-06   -1.10486e-06   -8.27076e-06   -0.000137302   0   -8.0647e-14   1   5.87368e-10
0.017378   -5.8292e-05   -0.00147368   -1.17806e-06   -1.17806e-06   -9.75678e-06   -0.000137302   0   -9.00717e-14   1   6.5601e-10
0.0180302   -5.85813e-05   -0.00147444   -1.25593e-06   -1.25593e-06   -1.05958e-05   -0.000137302   0   -1.00598e-13   1   7.32673e-10
0.0187068   -5.44302e-05   -0.00147524   -1.33873e-06   -1.33874e-06   -1.0611e-05   -0.000137302   0   -1.12354e-13   1   8.18296e-10
0.0194089   -4.51027e-05   -0.00147606   -1.42679e-06   -1.42679e-06   -9.61611e-06   -0.000137302   0   -1.25484e-13   1   9.13924e-10
0.0201372   -2.98571e-05   -0.00147692   -1.52041e-06   -1.52041e-06   -7.41548e-06   -0.000137302   0   -1.40148e-13   1   1.02073e-09
0.020893   -7.94665e-06   -0.00147781   -1.61994e-06   -1.61994e-06   -3.80323e-06   -0.000137302   0   -1.56527e-13   1   1.14001e-09
0.021677   1.40083e-05   -0.00147873   -1.72574e-06   -1.72574e-06   -2.67103e-07   -0.000137302   0   -1.74819e-13   1   1.27324e-09
0.0224905   2.40581e-06   -0.00147969   -1.83819e-06   -1.83819e-06   -4.52314e-06   -0.000137302   0   -1.95249e-13   1   1.42204e-09
0.0233346   -8.6199e-06   -0.00148068   -1.95769e-06   -1.95769e-06   -8.6168e-06   -0.000137302   0   -2.18066e-13   1   1.58822e-09
0.0242103   -1.83039e-05   -0.00148171   -2.08468e-06   -2.08468e-06   -1.22969e-05   -0.000137302   0   -2.4355e-13   1   1.77382e-09
0.0251189   -2.58778e-05   -0.00148278   -2.2196e-06   -2.21961e-06   -1.52994e-05   -0.000137302   0   -2.72012e-13   1   1.98112e-09
0.0260615   -3.05703e-05   -0.00148388   -2.36295e-06   -2.36295e-06   -1.73474e-05   -0.000137302   0   -3.038e-13   1   2.21264e-09
0.0270396   -3.16074e-05   -0.00148503   -2.51521e-06   -2.51522e-06   -1.81496e-05   -0.000137302   0   -3.39303e-13   1   2.47121e-09
0.0280543   -2.82135e-05   -0.00148623   -2.67694e-06   -2.67695e-06   -1.74007e-05   -0.000137302   0   -3.78956e-13   1   2.76001e-09
0.0291072   -1.96115e-05   -0.00148746   -2.8487e-06   -2.84871e-06   -1.47799e-05   -0.000137302   0   -4.23242e-13   1   3.08255e-09
0.0301995   -5.02365e-06   -0.00148875   -3.0311e-06   -3.0311e-06   -9.95088e-06   -0.000137302   0   -4.72703e-13   1   3.44279e-09
0.0313329   1.63279e-05   -0.00149008   -3.22477e-06   -3.22477e-06   -2.56076e-06   -0.000137302   0   -5.27945e-13   1   3.84512e-09
0.0325087   1.20214e-05   -0.00149146   -3.43038e-06   -3.43038e-06   -5.58012e-06   -0.000137302   0   -5.89642e-13   1   4.29448e-09
0.0337287   -1.97293e-06   -0.0014929   -3.64865e-06   -3.64866e-06   -1.25149e-05   -0.000137302   0   -6.58549e-13   1   4.79634e-09
0.0349945   -1.48054e-05   -0.00149439   -3.88033e-06   -3.88034e-06   -1.89099e-05   -0.000137302   0   -7.3551e-13   1   5.35686e-09
0.0363078   -2.57055e-05   -0.00149593   -4.12623e-06   -4.12624e-06   -2.43392e-05   -0.000137302   0   -8.21464e-13   1   5.98288e-09
0.0376704   -3.39065e-05   -0.00149753   -4.38718e-06   -4.38719e-06   -2.83566e-05   -0.000137302   0   -9.17462e-13   1   6.68206e-09
0.0390841   -3.86467e-05   -0.00149919   -4.66407e-06   -4.66408e-06   -3.04951e-05   -0.000137302   0   -1.02468e-12   1   7.46295e-09
0.0405509   -3.91702e-05   -0.00150092   -4.95786e-06   -4.95787e-06   -3.0266e-05   -0.000137302   0   -1.14443e-12   1   8.33509e-09
0.0420727   -3.47279e-05   -0.00150271   -5.26953e-06   -5.26954e-06   -2.71577e-05   -0.000137302   0   -1.27817e-12   1   9.30916e-09
0.0436516   -2.45787e-05   -0.00150456   -5.60014e-06   -5.60016e-06   -2.06354e-05   -0.000137302   0   -1.42754e-12   1   1.03971e-08
0.0452898   -7.99045e-06   -0.00150649   -5.9508e-06   -5.95082e-06   -1.014e-05   -0.000137302   0   -1.59437e-12   1   1.16121e-08
0.0469894   2.37129e-06   -0.00150849   -6.32269e-06   -6.32271e-06   -4.40062e-06   -0.000137302   0   -1.78069e-12   1   1.29691e-08
0.0487528   -1.11546e-05   -0.00151056   -6.71706e-06   -6.71708e-06   -1.55861e-05   -0.000137302   0   -1.98879e-12   1   1.44847e-08
0.0505825   -2.35848e-05   -0.00151271   -7.13521e-06   -7.13523e-06   -2.6165e-05   -0.000137302   0   -2.2212e-12   1   1.61775e-08
0.0524807   -3.42363e-05   -0.00151494   -7.57852e-06   -7.57855e-06   -3.54722e-05   -0.000137302   0   -2.48078e-12   1   1.8068e-08
0.0544503   -4.24419e-05   -0.00151726   -8.04848e-06   -8.04851e-06   -4.28142e-05   -0.000137302   0   -2.77069e-12   1   2.01795e-08
0.0564937   -4.75515e-05   -0.00151966   -8.54662e-06   -8.54665e-06   -4.74678e-05   -0.000137302   0   -3.09448e-12   1   2.25377e-08
0.0586138   -4.89339e-05   -0.00152215   -9.07457e-06   -9.0746e-06   -4.86796e-05   -0.000137302   0   -3.45612e-12   1   2.51716e-08
0.0608135   -4.59782e-05   -0.00152474   -9.63406e-06   -9.6341e-06   -4.56647e-05   -0.000137302   0   -3.86001e-12   1   2.81132e-08
0.0630957   -3.80959e-05   -0.00152742   -1.02269e-05   -1.02269e-05   -3.76064e-05   -0.000137302   0   -4.3111e-12   1   3.13986e-08
0.0654636   -2.4722e-05   -0.00153021   -1.0855e-05   -1.08551e-05   -2.3655e-05   -0.000137302   0   -4.81491e-12   1   3.50679e-08
0.0679204   -5.31775e-06   -0.00153309   -1.15204e-05   -1.15205e-05   -2.92706e-06   -0.000137302   0   -5.3776e-12   1   3.91661e-08
0.0704693   -1.14012e-05   -0.00153609   -1.22253e-05   -1.22254e-05   -1.64607e-05   -0.000137302   0   -6.00604e-12   1   4.37432e-08
0.0731139   -1.92795e-05   -0.0015392   -1.29719e-05   -1.29719e-05   -3.29016e-05   -0.000137302   0   -6.70793e-12   1   4.88551e-08
0.0758578   -2.58499e-05   -0.00154243   -1.37625e-05   -1.37626e-05   -4.77835e-05   -0.000137302   0   -7.49184e-12   1   5.45645e-08
0.0787046   -3.0696e-05   -0.00154577   -1.45997e-05   -1.45998e-05   -6.00813e-05   -0.000137302   0   -8.36736e-12   1   6.09411e-08
0.0816582   -3.34374e-05   -0.00154925   -1.54861e-05   -1.54862e-05   -6.8733e-05   -0.000137302   0   -9.34519e-12   1   6.80629e-08
0.0847227   -3.37318e-05   -0.00155285   -1.64245e-05   -1.64247e-05   -7.26388e-05   -0.000137302   0   -1.04373e-11   1   7.60169e-08
0.0879023   -3.12774e-05   -0.00155659   -1.74179e-05   -1.7418e-05   -7.06613e-05   -0.000137302   0   -1.1657e-11   1   8.49005e-08
0.0912011   -2.58151e-05   -0.00156047   -1.84693e-05   -1.84695e-05   -6.1625e-05   -0.000137302   0   -1.30193e-11   1   9.48222e-08
0.0946237   -1.7131e-05   -0.00156449   -1.9582e-05   -1.95822e-05   -4.43158e-05   -0.000137302   0   -1.45408e-11   1   1.05903e-07
0.0981748   -5.0586e-06   -0.00156867   -2.07595e-05   -2.07597e-05   -1.74812e-05   -0.000137302   0   -1.62401e-11   1   1.1828e-07
0.101859   9.17613e-07   -0.001573   -2.20053e-05   -2.20055e-05   -1.2068e-05   -0.000137302   0   -1.8138e-11   1   1.32102e-07
0.105682   -1.77975e-06   -0.00157749   -2.33232e-05   -2.33234e-05   -3.56065e-05   -0.000137302   0   -2.02576e-11   1   1.4754e-07
0.109648   -4.41898e-06   -0.00158216   -2.47173e-05   -2.47176e-05   -5.74442e-05   -0.000137302   0   -2.2625e-11   1   1.64782e-07
0.113763   -7.04954e-06   -0.001587   -2.61918e-05   -2.61921e-05   -7.6176e-05   -0.000137302   0   -2.5269e-11   1   1.84039e-07
0.118032   -9.78138e-06   -0.00159202   -2.77512e-05   -2.77515e-05   -9.036e-05   -0.000137302   0   -2.8222e-11   1   2.05547e-07
0.122462   -1.27875e-05   -0.00159722   -2.94e-05   -2.94004e-05   -9.85178e-05   -0.000137302   0   -3.15201e-11   1   2.29567e-07
0.127057   -1.63069e-05   -0.00160263   -3.11433e-05   -3.11437e-05   -9.91358e-05   -0.000137302   0   -3.52037e-11   1   2.56395e-07
0.131826   -2.06467e-05   -0.00160824   -3.29862e-05   -3.29866e-05   -9.06665e-05   -0.000137302   0   -3.93177e-11   1   2.86359e-07
0.136773   -2.61855e-05   -0.00161405   -3.49341e-05   -3.49346e-05   -7.15296e-05   -0.000137302   0   -4.39125e-11   1   3.19823e-07
0.141906   -3.33754e-05   -0.00162009   -3.69928e-05   -3.69933e-05   -4.01138e-05   -0.000137302   0   -4.90443e-11   1   3.57199e-07
0.147231   -4.10114e-05   -0.00162635   -3.91682e-05   -3.91689e-05   -1.64038e-06   -0.000137302   0   -5.47757e-11   1   3.98942e-07
0.152757   -3.02346e-05   -0.00163285   -4.14668e-05   -4.14675e-05   -3.15588e-05   -0.000137302   0   -6.1177e-11   1   4.45564e-07
0.158489   -1.89747e-05   -0.00163959   -4.38951e-05   -4.38959e-05   -5.98829e-05   -0.000137302   0   -6.83263e-11   1   4.97634e-07
0.164437   -8.00493e-06   -0.00164659   -4.64601e-05   -4.6461e-05   -8.48989e-05   -0.000137302   0   -7.63112e-11   0.999999   5.55789e-07
0.170608   1.81504e-06   -0.00165384   -4.91691e-05   -4.91701e-05   -0.000104874   -0.000137302   0   -8.52291e-11   0.999999   6.2074e-07
0.177011   9.53664e-06   -0.00166137   -5.20299e-05   -5.2031e-05   -0.000118059   -0.000137302   0   -9.51893e-11   0.999999   6.93282e-07
0.183654   1.41203e-05   -0.00166919   -5.50505e-05   -5.50517e-05   -0.000122693   -0.000137302   0   -1.06313e-10   0.999999   7.74301e-07
0.190546   1.44334e-05   -0.00167729   -5.82393e-05   -5.82407e-05   -0.000117008   -0.000137302   0   -1.18738e-10   0.999999   8.64788e-07
0.197697   9.24811e-06   -0.0016857   -6.16054e-05   -6.1607e-05   -9.92315e-05   -0.000137302   0   -1.32614e-10   0.999999   9.6585e-07
0.205116   -2.76044e-06   -0.00169443   -6.51579e-05   -6.51597e-05   -6.75899e-05   -0.000137302   0   -1.48111e-10   0.999999   1.07872e-06
0.212814   -2.30156e-05   -0.00170348   -6.89068e-05   -6.89087e-05   -2.0317e-05   -0.000137302   0   -1.6542e-10   0.999999   1.20479e-06
0.2208   -1.89071e-05   -0.00171288   -7.28622e-05   -7.28644e-05   -2.13345e-05   -0.000137302   0   -1.84751e-10   0.999999   1.34558e-06
0.229087   -1.4222e-06   -0.00172262   -7.70349e-05   -7.70374e-05   -5.08765e-05   -0.000137302   0   -2.06342e-10   0.999998   1.50283e-06
0.237684   1.21799e-05   -0.00173273   -8.14362e-05   -8.1439e-05   -7.73501e-05   -0.000137302   0   -2.30456e-10   0.999998   1.67845e-06
0.246604   2.00684e-05   -0.00174322   -8.6078e-05   -8.60811e-05   -9.90652e-05   -0.000137302   0   -2.57388e-10   0.999998   1.8746e-06
0.255859   2.03082e-05   -0.00175411   -9.09725e-05   -9.0976e-05   -0.000114366   -0.000137302   0   -2.87467e-10   0.999998   2.09368e-06
0.265461   1.08599e-05   -0.0017654   -9.61328e-05   -9.61367e-05   -0.00012164   -0.000137302   0   -3.21061e-10   0.999998   2.33835e-06
0.275423   -1.042e-05   -0.00177712   -0.000101572   -0.000101577   -0.000119319   -0.000137302   0   -3.58581e-10   0.999997   2.61161e-06
0.285759   -4.57796e-05   -0.00178928   -0.000107306   -0.00010731   -0.000105894   -0.000137302   0   -4.00486e-10   0.999997   2.91682e-06
0.296483   -9.75704e-05   -0.00180189   -0.000113347   -0.000113353   -7.99167e-05   -0.000137302   0   -4.47288e-10   0.999997   3.25768e-06
0.30761   -0.000168247   -0.00181498   -0.000119713   -0.000119719   -4.00107e-05   -0.000137302   0   -4.99559e-10   0.999996   3.63838e-06
0.319154   -0.000226335   -0.00182856   -0.000126418   -0.000126425   -5.47658e-06   -0.000137302   0   -5.57939e-10   0.999996   4.06358e-06
0.331131   -0.000190486   -0.00184264   -0.000133481   -0.000133489   -2.59591e-05   -0.000137302   0   -6.23141e-10   0.999995   4.53846e-06
0.343558   -0.000155967   -0.00185726   -0.00014092   -0.000140928   -4.43333e-05   -0.000137302   0   -6.95963e-10   0.999995   5.06883e-06
0.356451   -0.000125629   -0.00187243   -0.000148751   -0.000148761   -5.95829e-05   -0.000137302   0   -7.77295e-10   0.999994   5.66119e-06
0.369828   -0.000102414   -0.00188816   -0.000156996   -0.000157007   -7.08023e-05   -0.000137302   0   -8.68132e-10   0.999994   6.32277e-06
0.383707   -8.93559e-05   -0.00190448   -0.000165674   -0.000165687   -7.72035e-05   -0.000137302   0   -9.69584e-10   0.999993   7.06167e-06
0.398107   -8.95748e-05   -0.00192142   -0.000174807   -0.000174821   -7.81248e-05   -0.000137302   0   -1.08289e-09   0.999992   7.88691e-06
0.413048   -0.000106273   -0.00193899   -0.000184417   -0.000184432   -7.30381e-05   -0.000137302   0   -1.20944e-09   0.999991   8.80859e-06
0.428549   -0.000142733   -0.00195722   -0.000194526   -0.000194544   -6.15563e-05   -0.000137302   0   -1.35078e-09   0.99999   9.83798e-06
0.444631   -0.00020231   -0.00197614   -0.00020516   -0.000205179   -4.34405e-05   -0.000137302   0   -1.50863e-09   0.999989   1.09877e-05
0.461318   -0.000288429   -0.00199576   -0.000216343   -0.000216365   -1.86068e-05   -0.000137302   0   -1.68493e-09   0.999988   1.22717e-05
0.47863   -0.000247835   -0.00201612   -0.000228101   -0.000228125   -1.00502e-05   -0.000137302   0   -1.88184e-09   0.999986   1.37058e-05
0.496592   -0.000178818   -0.00203724   -0.000240462   -0.000240489   -4.16404e-06   -0.000137302   0   -2.10175e-09   0.999985   1.53075e-05
0.515229   -0.00011354   -0.00205916   -0.000253454   -0.000253485   2.81102e-06   -0.000137302   0   -2.34737e-09   0.999983   1.70963e-05
0.534564   -5.56442e-05   -0.0020819   -0.000267108   -0.000267143   1.028e-05   -0.000137302   0   -2.62168e-09   0.999981   1.90942e-05
0.554626   -8.81461e-06   -0.00210549   -0.000281454   -0.000281493   1.74664e-05   -0.000137302   0   -2.92805e-09   0.999979   2.13256e-05
0.57544   2.32329e-05   -0.00212996   -0.000296524   -0.000296568   2.34082e-05   -0.000137302   0   -3.27023e-09   0.999976   2.38177e-05
0.597035   3.67576e-05   -0.00215535   -0.000312352   -0.000312401   2.6956e-05   -0.000137302   0   -3.65239e-09   0.999973   2.6601e-05
0.619441   2.8001e-05   -0.00218169   -0.000328974   -0.000329029   2.67702e-05   -0.000137302   0   -4.0792e-09   0.99997   2.97096e-05
0.642688   -6.80488e-06   -0.00220902   -0.000346426   -0.000346488   2.13206e-05   -0.000137302   0   -4.5559e-09   0.999967   3.31815e-05
0.666807   -7.14304e-05   -0.00223737   -0.000364745   -0.000364815   8.88589e-06   -0.000137302   0   -5.08829e-09   0.999963   3.7059e-05
0.691831   -0.000100142   -0.00226679   -0.000383972   -0.00038405   1.40359e-05   -0.000137302   0   -5.6829e-09   0.999959   4.13897e-05
0.717794   -4.70718e-05   -0.0022973   -0.000404147   -0.000404235   5.35788e-05   -0.000137302   0   -6.347e-09   0.999954   4.62264e-05
0.744732   -4.26987e-06   -0.00232896   -0.000425314   -0.000425412   9.15719e-05   -0.000137302   0   -7.08869e-09   0.999948   5.16283e-05
0.772681   2.4565e-05   -0.0023618   -0.000447516   -0.000447627   0.000125546   -0.000137302   0   -7.91705e-09   0.999942   5.76614e-05
0.801678   3.57728e-05   -0.00239587   -0.000470801   -0.000470925   0.000152852   -0.000137302   0   -8.8422e-09   0.999936   6.43995e-05
0.831764   2.57398e-05   -0.00243122   -0.000495217   -0.000495356   0.000170672   -0.000137302   0   -9.87546e-09   0.999928   7.19248e-05
0.862979   -9.09373e-06   -0.00246789   -0.000520813   -0.000520969   0.000176016   -0.000137302   0   -1.10294e-08   0.99992   8.03295e-05
0.895365   -7.2225e-05   -0.00250593   -0.000547641   -0.000547817   0.000165739   -0.000137302   0   -1.23183e-08   0.99991   8.97163e-05
0.928966   -0.000167082   -0.00254539   -0.000575756   -0.000575954   0.000136543   -0.000137302   0   -1.37577e-08   0.9999   0.0001002
0.963829   -0.000297015   -0.00258632   -0.000605215   -0.000605436   8.49879e-05   -0.000137302   0   -1.53653e-08   0.999888   0.000111908
1   -0.00046529   -0.00262879   -0.000636074   -0.000636323   7.5003e-06   -0.000137302   0   -1.71607e-08   0.999875   0.000124984
1.03753   -0.000449104   -0.00267284   -0.000668396   -0.000668676   7.34245e-05   -0.000137302   0   -1.91658e-08   0.99986   0.000139588
1.07647   -0.000437927   -0.00271854   -0.000702243   -0.000702557   0.000136227   -0.000137302   0   -2.14053e-08   0.999844   0.000155899
1.11686   -0.00043473   -0.00276594   -0.00073768   -0.000738034   0.000192002   -0.000137302   0   -2.39063e-08   0.999826   0.000174114
1.15878   -0.000442377   -0.00281512   -0.000774776   -0.000775173   0.000236756   -0.000137302   0   -2.66995e-08   0.999806   0.000194458
1.20226   -0.000463613   -0.00286612   -0.000813601   -0.000814047   0.00026642   -0.000137302   0   -2.98191e-08   0.999783   0.000217178
1.24738   -0.000501068   -0.00291903   -0.000854229   -0.000854729   0.000276863   -0.000137302   0   -3.3303e-08   0.999757   0.000242552
1.2942   -0.000557243   -0.00297392   -0.000896734   -0.000897297   0.000263906   -0.000137302   0   -3.71938e-08   0.999729   0.00027089
1.34276   -0.000634511   -0.00303085   -0.000941197   -0.000941829   0.000223334   -0.000137302   0   -4.15391e-08   0.999697   0.000302537
1.39316   -0.000735113   -0.0030899   -0.000987699   -0.00098841   0.000150908   -0.000137302   0   -4.63918e-08   0.999662   0.000337881
1.44544   -0.000861154   -0.00315114   -0.00103633   -0.00103712   4.23832e-05   -0.000137302   0   -5.18113e-08   0.999623   0.000377352
1.49968   -0.000929979   -0.00321467   -0.00108716   -0.00108806   2.71668e-05   -0.000137302   0   -5.78636e-08   0.999579   0.000421432
1.55597   -0.000946714   -0.00328057   -0.00114031   -0.00114131   9.58265e-05   -0.000137302   0   -6.46225e-08   0.999529   0.000470658
1.61436   -0.00096799   -0.00334891   -0.00119585   -0.00119698   0.000157387   -0.000137302   0   -7.21705e-08   0.999474   0.000525632
1.67494   -0.000995347   -0.0034198   -0.00125389   -0.00125516   0.000207699   -0.000137302   0   -8.05996e-08   0.999413   0.000587023
1.7378   -0.00103018   -0.00349332   -0.00131452   -0.00131595   0.000242671   -0.000137302   0   -9.00126e-08   0.999344   0.000655579
1.80302   -0.00107375   -0.00356957   -0.00137787   -0.00137947   0.000258275   -0.000137302   0   -1.00524e-07   0.999268   0.000732137
1.87068   -0.00112716   -0.00364865   -0.00144403   -0.00144583   0.000250566   -0.000137302   0   -1.12262e-07   0.999182   0.000817626
1.94089   -0.00119137   -0.00373066   -0.00151311   -0.00151514   0.000215686   -0.000137302   0   -1.25369e-07   0.999087   0.00091309
2.01372   -0.00126722   -0.00381572   -0.00158525   -0.00158752   0.000149875   -0.000137302   0   -1.40005e-07   0.99898   0.00101969
2.0893   -0.00135539   -0.00390393   -0.00166055   -0.00166311   4.94853e-05   -0.000137302   0   -1.56348e-07   0.998861   0.00113872
2.1677   -0.00145259   -0.00399542   -0.00173915   -0.00174202   -5.36608e-05   -0.000137302   0   -1.74596e-07   0.998728   0.00127162
2.24905   -0.00154129   -0.00409028   -0.00182118   -0.00182441   1.85511e-06   -0.000137302   0   -1.94971e-07   0.99858   0.00142002
2.33346   -0.0016392   -0.00418866   -0.00190678   -0.0019104   5.2666e-05   -0.000137302   0   -2.1772e-07   0.998414   0.0015857
2.42103   -0.00174647   -0.00429068   -0.00199608   -0.00200015   9.5634e-05   -0.000137302   0   -2.43118e-07   0.998229   0.00177068
2.51189   -0.00186312   -0.00439647   -0.00208924   -0.0020938   0.000127765   -0.000137302   0   -2.71474e-07   0.998023   0.0019772
2.60615   -0.00198907   -0.00450618   -0.00218641   -0.00219153   0.000146212   -0.000137302   0   -3.03129e-07   0.997792   0.00220775
2.70396   -0.00212409   -0.00461993   -0.00228773   -0.00229348   0.000148282   -0.000137302   0   -3.38466e-07   0.997535   0.00246512
2.80543   -0.00226786   -0.00473788   -0.00239339   -0.00239984   0.000131435   -0.000137302   0   -3.77911e-07   0.997248   0.00275241
2.91072   -0.00241995   -0.00486017   -0.00250355   -0.00251079   9.32907e-05   -0.000137302   0   -4.21939e-07   0.996927   0.00307308
3.01995   -0.00257982   -0.00498698   -0.00261838   -0.0026265   3.16259e-05   -0.000137302   0   -4.71079e-07   0.996569   0.00343097
3.13329   -0.00274684   -0.00511846   -0.00273807   -0.00274718   -5.56218e-05   -0.000137302   0   -5.25919e-07   0.99617   0.00383039
3.25087   -0.00290206   -0.00525478   -0.0028628   -0.00287303   -5.57014e-05   -0.000137302   0   -5.87117e-07   0.995724   0.00427611
3.37287   -0.003053   -0.00539611   -0.00299278   -0.00300425   -2.28358e-05   -0.000137301   0   -6.55401e-07   0.995227   0.00477345
3.49945   -0.00320428   -0.00554264   -0.0031282   -0.00314107   6.59588e-06   -0.000137301   0   -7.31585e-07   0.994672   0.00532831
3.63078   -0.00335489   -0.00569455   -0.00326928   -0.00328371   3.11655e-05   -0.000137301   0   -8.16571e-07   0.994053   0.0059473
3.76704   -0.00350379   -0.00585203   -0.00341624   -0.00343241   4.95992e-05   -0.000137301   0   -9.11364e-07   0.993362   0.0066377
3.90841   -0.00364984   -0.0060153   -0.0035693   -0.00358742   6.07747e-05   -0.000137301   0   -1.01708e-06   0.992592   0.00740766
4.05509   -0.00379183   -0.00618454   -0.0037287   -0.003749   6.37179e-05   -0.000137301   0   -1.13495e-06   0.991734   0.00826619
4.20727   -0.00392852   -0.00635999   -0.00389469   -0.00391742   5.75997e-05   -0.000137301   0   -1.26636e-06   0.990777   0.00922329
4.36516   -0.00405859   -0.00654186   -0.0040675   -0.00409297   4.17315e-05   -0.0001373   0   -1.41283e-06   0.98971   0.0102901
4.52898   -0.00418068   -0.00673038   -0.00424742   -0.00427592   1.55613e-05   -0.0001373   0   -1.57604e-06   0.988521   0.0114788
4.69894   -0.00432504   -0.00692579   -0.00443471   -0.0044666   -3.81076e-06   -0.0001373   0   -1.75786e-06   0.987197   0.0128031
4.87528   -0.00453366   -0.00712833   -0.00462965   -0.00466533   7.35915e-06   -0.0001373   0   -1.96035e-06   0.985722   0.0142779
5.05825   -0.00474763   -0.00733827   -0.00483253   -0.00487243   1.71202e-05   -0.0001373   0   -2.1858e-06   0.98408   0.0159199
5.24807   -0.00496543   -0.00755586   -0.00504367   -0.00508825   2.54173e-05   -0.000137299   0   -2.4367e-06   0.982253   0.0177473
5.44503   -0.0051855   -0.00778137   -0.00526336   -0.00531317   3.23068e-05   -0.000137299   0   -2.71582e-06   0.98022   0.0197803
5.64937   -0.00540628   -0.00801509   -0.00549195   -0.00554756   3.79509e-05   -0.000137299   0   -3.02619e-06   0.977959   0.022041
5.86138   -0.00562618   -0.00825731   -0.00572976   -0.00579182   4.26117e-05   -0.000137298   0   -3.37115e-06   0.975446   0.0245535
6.08135   -0.00584358   -0.00850834   -0.00597715   -0.00604636   4.66465e-05   -0.000137298   0   -3.75433e-06   0.972656   0.0273444
6.30957   -0.00605686   -0.00876847   -0.00623448   -0.00631162   5.05014e-05   -0.000137297   0   -4.1797e-06   0.969557   0.0304427
6.54636   -0.0062644   -0.00903804   -0.00650213   -0.00658804   5.47065e-05   -0.000137297   0   -4.65159e-06   0.96612   0.0338798
6.79204   -0.00646455   -0.00931738   -0.00678049   -0.0068761   5.98698e-05   -0.000137296   0   -5.17468e-06   0.96231   0.0376899
7.04693   -0.00677045   -0.00960684   -0.00706996   -0.00717628   4.63536e-05   -0.000137295   0   -5.75404e-06   0.95809   0.0419099
7.31139   -0.00709729   -0.00990676   -0.00737097   -0.00748908   2.96307e-05   -0.000137295   0   -6.39512e-06   0.953421   0.0465795
7.58578   -0.00743391   -0.0102175   -0.00768395   -0.00781504   1.21947e-05   -0.000137294   0   -7.10376e-06   0.948259   0.0517413
7.87046   -0.00777868   -0.0105395   -0.00800935   -0.00815468   -5.08667e-06   -0.000137293   0   -7.8862e-06   0.942559   0.0574406
8.16582   -0.00812998   -0.0108731   -0.00834764   -0.00850858   -2.12932e-05   -0.000137292   0   -8.74902e-06   0.936274   0.0637255
8.47227   -0.00848618   -0.0112187   -0.00869932   -0.00887731   -3.54573e-05   -0.000137291   0   -9.69915e-06   0.929353   0.0706466
8.79023   -0.00884568   -0.0115768   -0.00906487   -0.00926145   -4.65685e-05   -0.00013729   0   -1.07438e-05   0.921744   0.0782565
9.12011   -0.00920687   -0.0119478   -0.00944484   -0.00966161   -5.35781e-05   -0.000137289   0   -1.18906e-05   0.91339   0.0866097
9.46237   -0.00956819   -0.012332   -0.00983975   -0.0100784   -5.54032e-05   -0.000137288   0   -1.31469e-05   0.904238   0.0957619
9.81748   -0.00992806   -0.0127301   -0.0102502   -0.0105125   -5.09308e-05   -0.000137286   0   -1.45207e-05   0.894231   0.105769
10.1859   -0.0103333   -0.0131425   -0.0106767   -0.0109644   -6.03715e-05   -0.000137285   0   -1.60194e-05   0.883312   0.116688
10.5682   -0.0107957   -0.0135696   -0.0111199   -0.0114349   -8.8432e-05   -0.000137283   0   -1.76506e-05   0.871429   0.128571
10.9648   -0.0112698   -0.014012   -0.0115804   -0.0119244   -0.000114538   -0.000137281   0   -1.94212e-05   0.85853   0.14147
11.3763   -0.0117541   -0.0144702   -0.0120589   -0.0124337   -0.000137494   -0.000137279   0   -2.13377e-05   0.844567   0.155433
11.8032   -0.0122472   -0.0149448   -0.0125561   -0.0129634   -0.000156094   -0.000137277   0   -2.34058e-05   0.829499   0.170501
12.2462   -0.0127476   -0.0154364   -0.0130726   -0.0135139   -0.000169119   -0.000137274   0   -2.56299e-05   0.813294   0.186706
12.7057   -0.0132538   -0.0159454   -0.0136092   -0.014086   -0.000175348   -0.000137272   0   -2.80133e-05   0.795928   0.204072
13.1826   -0.0137647   -0.0164726   -0.0141666   -0.0146799   -0.000173554   -0.000137269   0   -3.05577e-05   0.777388   0.222612
13.6773   -0.0142786   -0.0170185   -0.0147456   -0.0152964   -0.00016251   -0.000137266   0   -3.32626e-05   0.757677   0.242323
14.1906   -0.0147944   -0.0175838   -0.015347   -0.0159357   -0.000140988   -0.000137262   0   -3.61258e-05   0.736812   0.263188
14.7231   -0.0153185   -0.0181692   -0.0159717   -0.0165984   -0.000112899   -0.000137258   0   -3.91426e-05   0.714826   0.285174
15.2757   -0.0159368   -0.0187754   -0.0166205   -0.0172847   -0.000134719   -0.000137254   0   -4.23057e-05   0.691772   0.308228
15.8489   -0.0165708   -0.0194029   -0.0172944   -0.017995   -0.000154144   -0.00013725   0   -4.56054e-05   0.66772   0.33228
16.4437   -0.0172194   -0.0200527   -0.0179941   -0.0187295   -0.000169972   -0.000137245   0   -4.90293e-05   0.642761   0.357239
17.0608   -0.0178812   -0.0207254   -0.0187208   -0.0194886   -0.000181012   -0.00013724   0   -5.25625e-05   0.617002   0.382998
17.7011   -0.0185552   -0.0214219   -0.0194755   -0.0202724   -0.000186083   -0.000137234   0   -5.61878e-05   0.590569   0.409431
18.3654   -0.0192401   -0.0221429   -0.0202591   -0.0210812   -0.000184019   -0.000137227   0   -5.98858e-05   0.563602   0.436398
19.0546   -0.0199348   -0.0228893   -0.0210727   -0.0219152   -0.000173667   -0.00013722   0   -6.36355e-05   0.536254   0.463746
19.7697   -0.0206383   -0.0236619   -0.0219176   -0.0227746   -0.00015389   -0.000137213   0   -6.74147e-05   0.508686   0.491314
20.5116   -0.0213495   -0.0244617   -0.0227947   -0.0236598   -0.000123568   -0.000137205   0   -7.12004e-05   0.481065   0.518935
21.2814   -0.0220673   -0.0252894   -0.0237054   -0.024571   -8.15951e-05   -0.000137196   0   -7.49694e-05   0.453559   0.546441
22.08   -0.022889   -0.0261462   -0.0246509   -0.0255087   -7.74638e-05   -0.000137186   0   -7.8699e-05   0.426333   0.573667
22.9087   -0.0237866   -0.027033   -0.0256325   -0.0264734   -9.62249e-05   -0.000137175   0   -8.23672e-05   0.399548   0.600452
23.7684   -0.0247145   -0.0279507   -0.0266514   -0.0274656   -0.000113824   -0.000137164   0   -8.59537e-05   0.373349   0.626651
24.6604   -0.0256717   -0.0289004   -0.0277092   -0.028486   -0.000129231   -0.000137151   0   -8.94397e-05   0.347874   0.652126
25.5859   -0.0266573   -0.0298832   -0.0288073   -0.0295354   -0.000141437   -0.000137137   0   -9.2809e-05   0.32324   0.67676
26.5461   -0.0276704   -0.0309002   -0.029947   -0.0306147   -0.000149453   -0.000137122   0   -9.60474e-05   0.299549   0.700451
27.5423   -0.0287102   -0.0319525   -0.0311301   -0.0317248   -0.000152311   -0.000137106   0   -9.91434e-05   0.276884   0.723116
28.5759   -0.0297759   -0.0330413   -0.0323581   -0.0328669   -0.000149062   -0.000137088   0   -0.000102088   0.255309   0.744691
29.6483   -0.0308665   -0.0341679   -0.0336326   -0.0340421   -0.000138778   -0.000137069   0   -0.000104875   0.234869   0.765131
30.761   -0.0319814   -0.0353334   -0.0349554   -0.0352519   -0.000120554   -0.000137047   0   -0.000107501   0.215592   0.784408
31.9154   -0.0331494   -0.0365391   -0.0363282   -0.0364975   -0.000103933   -0.000137024   0   -0.000109964   0.197488   0.802512
33.1131   -0.034443   -0.0377865   -0.037753   -0.0377805   -0.000113802   -0.000136999   0   -0.000112263   0.180555   0.819445
34.3558   -0.0357809   -0.0390768   -0.0392317   -0.0391023   -0.000120959   -0.000136972   0   -0.000114403   0.164776   0.835224
35.6451   -0.0371622   -0.0404115   -0.0407661   -0.0404647   -0.00012458   -0.000136943   0   -0.000116384   0.150123   0.849877
36.9828   -0.0385864   -0.041792   -0.0423585   -0.0418693   -0.000123863   -0.00013691   0   -0.000118214   0.13656   0.86344
38.3707   -0.0400528   -0.0432198   -0.0440108   -0.0433179   -0.000118025   -0.000136875   0   -0.000119897   0.124043   0.875957
39.8107   -0.0415608   -0.0446964   -0.0457254   -0.0448122   -0.000106304   -0.000136837   0   -0.00012144   0.112524   0.887476
41.3048   -0.0431097   -0.0462236   -0.0475046   -0.0463542   -8.79584e-05   -0.000136796   0   -0.000122849   0.101951   0.898049
42.8549   -0.0446989   -0.0478028   -0.0493506   -0.0479456   -6.22659e-05   -0.00013675   0   -0.000124133   0.0922673   0.907733
44.4631   -0.0463279   -0.0494358   -0.051266   -0.0495884   -2.85235e-05   -0.000136701   0   -0.000125298   0.0834183   0.916582
46.1318   -0.047996   -0.0511242   -0.0532533   -0.0512847   1.39523e-05   -0.000136648   0   -0.000126352   0.0753474   0.924653
47.863   -0.0497659   -0.05287   -0.0553152   -0.0530363   1.99897e-05   -0.00013659   0   -0.000127302   0.0679996   0.932
49.6592   -0.0515988   -0.0546749   -0.0574543   -0.0548454   1.79401e-05   -0.000136527   0   -0.000128155   0.0613207   0.938679
51.5229   -0.0534828   -0.0565409   -0.0596736   -0.056714   1.67839e-05   -0.000136458   0   -0.000128917   0.055259   0.944741
53.4564   -0.0554174   -0.0584698   -0.0619759   -0.0586443   1.71306e-05   -0.000136383   0   -0.000129596   0.0497647   0.950235
55.4626   -0.057402   -0.0604637   -0.0643643   -0.0606384   1.95724e-05   -0.000136302   0   -0.000130197   0.0447908   0.955209
57.544   -0.0594363   -0.0625246   -0.0668419   -0.0626986   2.4684e-05   -0.000136214   0   -0.000130725   0.0402929   0.959707
59.7035   -0.0615197   -0.0646547   -0.069412   -0.0648271   3.30234e-05   -0.000136118   0   -0.000131187   0.0362296   0.96377
61.9441   -0.0636518   -0.0668561   -0.072078   -0.0670261   4.51319e-05   -0.000136014   0   -0.000131585   0.0325621   0.967438
64.2688   -0.0658322   -0.0691311   -0.0748433   -0.0692982   6.15344e-05   -0.000135901   0   -0.000131925   0.0292547   0.970745
66.6807   -0.0680605   -0.0714819   -0.0777116   -0.0716456   8.27402e-05   -0.000135778   0   -0.00013221   0.026274   0.973726
69.1831   -0.0704164   -0.073911   -0.0806866   -0.0740709   9.15872e-05   -0.000135644   0   -0.000132444   0.0235897   0.97641
71.7794   -0.0729566   -0.0764208   -0.0837722   -0.0765764   7.5951e-05   -0.000135499   0   -0.00013263   0.0211736   0.978826
74.4732   -0.0755791   -0.0790137   -0.0869723   -0.0791649   5.87314e-05   -0.000135341   0   -0.00013277   0.0190002   0.981
77.2681   -0.0782835   -0.0816923   -0.0902912   -0.0818389   4.03778e-05   -0.00013517   0   -0.000132866   0.017046   0.982954
80.1678   -0.0810693   -0.0844593   -0.0937331   -0.0846011   2.13257e-05   -0.000134984   0   -0.000132921   0.0152897   0.98471
83.1764   -0.0839364   -0.0873174   -0.0973025   -0.0874543   1.99661e-06   -0.000134783   0   -0.000132934   0.0137118   0.986288
86.2979   -0.0868843   -0.0902692   -0.101004   -0.0904012   -1.7201e-05   -0.000134563   0   -0.000132909   0.0122947   0.987705
89.5365   -0.0899128   -0.0933178   -0.104842   -0.0934448   -3.58717e-05   -0.000134325   0   -0.000132845   0.0110224   0.988978
92.8966   -0.0930215   -0.0964659   -0.108822   -0.096588   -5.36327e-05   -0.000134067   0   -0.000132742   0.00988047   0.99012
96.3829   -0.0962102   -0.0997166   -0.112949   -0.0998337   -7.01137e-05   -0.000133787   0   -0.000132602   0.00885578   0.991144
100   -0.0994786   -0.103073   -0.117227   -0.103185   -8.49559e-05   -0.000133482   0   -0.000132423   0.00793651   0.992063
103.753   -0.103004   -0.106538   -0.121664   -0.106646   -9.78125e-05   -0.000133152   0   -0.000132205   0.00711198   0.992888
107.647   -0.10664   -0.110115   -0.126263   -0.110218   -0.000108348   -0.000132793   0   -0.000131947   0.00637255   0.993627
111.686   -0.110385   -0.113807   -0.131031   -0.113906   -0.000116237   -0.000132404   0   -0.000131648   0.00570957   0.99429
115.878   -0.114241   -0.117618   -0.135974   -0.117712   -0.000121167   -0.000131982   0   -0.000131307   0.0051152   0.994885
120.226   -0.118206   -0.121551   -0.141098   -0.121641   -0.000122833   -0.000131524   0   -0.000130922   0.00458242   0.995418
124.738   -0.12228   -0.12561   -0.14641   -0.125696   -0.000120941   -0.000131028   0   -0.00013049   0.00410491   0.995895
129.42   -0.126463   -0.129798   -0.151915   -0.129879   -0.000115209   -0.000130489   0   -0.000130009   0.00367697   0.996323
134.276   -0.130755   -0.134119   -0.157622   -0.134196   -0.000105361   -0.000129904   0   -0.000129476   0.0032935   0.996707
139.316   -0.135156   -0.138576   -0.163537   -0.13865   -9.11312e-05   -0.00012927   0   -0.000128889   0.0029499   0.99705
144.544   -0.139666   -0.143175   -0.169666   -0.143245   -7.22645e-05   -0.000128583   0   -0.000128243   0.00264205   0.997358
149.968   -0.14441   -0.147917   -0.176019   -0.147984   -6.10615e-05   -0.000127837   0   -0.000127535   0.00236625   0.997634
155.597   -0.149386   -0.152808   -0.182602   -0.152871   -5.67939e-05   -0.000127029   0   -0.00012676   0.00211918   0.997881
161.436   -0.154509   -0.157852   -0.189423   -0.157911   -5.10816e-05   -0.000126153   0   -0.000125913   0.00189786   0.998102
167.494   -0.15978   -0.163052   -0.196491   -0.163109   -4.3701e-05   -0.000125203   0   -0.00012499   0.00169962   0.9983
173.78   -0.165197   -0.168413   -0.203815   -0.168467   -3.44361e-05   -0.000124173   0   -0.000123984   0.00152205   0.998478
180.302   -0.170762   -0.173939   -0.211402   -0.17399   -2.30783e-05   -0.000123056   0   -0.000122889   0.00136301   0.998637
187.068   -0.176474   -0.179636   -0.219262   -0.179684   -9.42614e-06   -0.000121847   0   -0.000121698   0.00122056   0.998779
194.089   -0.182333   -0.185506   -0.227405   -0.185552   6.71508e-06   -0.000120536   0   -0.000120404   0.00109299   0.998907
201.372   -0.188338   -0.191555   -0.23584   -0.191598   2.55333e-05   -0.000119115   0   -0.000118999   0.000978734   0.999021
208.93   -0.19449   -0.197787   -0.244576   -0.197828   4.721e-05   -0.000117576   0   -0.000117473   0.000876414   0.999124
216.77   -0.200827   -0.204207   -0.253624   -0.204246   6.84708e-05   -0.000115909   0   -0.000115818   0.000784782   0.999215
224.905   -0.20753   -0.21082   -0.262995   -0.210856   7.34049e-05   -0.000114102   0   -0.000114022   0.000702724   0.999297
233.346   -0.214423   -0.21763   -0.272699   -0.217665   7.77939e-05   -0.000112146   0   -0.000112075   0.00062924   0.999371
242.103   -0.221506   -0.224643   -0.282747   -0.224675   8.17957e-05   -0.000110027   0   -0.000109965   0.000563437   0.999437
251.189   -0.228779   -0.231863   -0.293151   -0.231893   8.55625e-05   -0.000107732   0   -0.000107677   0.000504511   0.999495
260.615   -0.236242   -0.239295   -0.303922   -0.239324   8.92413e-05   -0.000105247   0   -0.000105199   0.000451745   0.999548
270.396   -0.243894   -0.246944   -0.315072   -0.246972   9.2974e-05   -0.000102556   0   -0.000102515   0.000404496   0.999596
280.543   -0.251736   -0.254816   -0.326614   -0.254842   9.68975e-05   -9.96432e-05   0   -9.96071e-05   0.000362187   0.999638
291.072   -0.259767   -0.262915   -0.33856   -0.262939   0.000101144   -9.64899e-05   0   -9.64586e-05   0.000324302   0.999676
301.995   -0.267988   -0.271246   -0.350924   -0.271269   0.000105841   -9.30768e-05   0   -9.30498e-05   0.000290378   0.99971
313.329   -0.276398   -0.279815   -0.363718   -0.279837   0.000111112   -8.93828e-05   0   -8.93596e-05   0.000260002   0.99974
325.087   -0.285253   -0.288627   -0.376956   -0.288647   0.000108886   -8.53853e-05   0   -8.53655e-05   0.000232803   0.999767
337.287   -0.294435   -0.297686   -0.390653   -0.297706   0.000103026   -8.10599e-05   0   -8.1043e-05   0.000208449   0.999792
349.945   -0.303867   -0.306999   -0.404821   -0.307017   9.61278e-05   -7.63801e-05   0   -7.63658e-05   0.000186642   0.999813
363.078   -0.313548   -0.31657   -0.419477   -0.316587   8.82986e-05   -7.13175e-05   0   -7.13055e-05   0.000167116   0.999833
376.704   -0.32348   -0.326404   -0.434636   -0.32642   7.96411e-05   -6.58414e-05   0   -6.58315e-05   0.000149632   0.99985
390.841   -0.333662   -0.336506   -0.450311   -0.336521   7.02548e-05   -5.99187e-05   0   -5.99107e-05   0.000133977   0.999866
405.509   -0.344093   -0.346881   -0.466519   -0.346896   6.02355e-05   -5.35139e-05   0   -5.35074e-05   0.00011996   0.99988
420.727   -0.354773   -0.357535   -0.483276   -0.357549   4.96757e-05   -4.65884e-05   0   -4.65834e-05   0.00010741   0.999893
436.516   -0.365703   -0.368472   -0.500599   -0.368485   3.86646e-05   -3.9101e-05   0   -3.90973e-05   9.61719e-05   0.999904
452.898   -0.376883   -0.379697   -0.518503   -0.379709   2.72882e-05   -3.10071e-05   0   -3.10045e-05   8.61098e-05   0.999914
469.894   -0.38838   -0.391214   -0.537005   -0.391225   2.26376e-05   -2.22587e-05   0   -2.2257e-05   7.71004e-05   0.999923
487.528   -0.400289   -0.403029   -0.556123   -0.403039   3.44082e-05   -1.28041e-05   0   -1.28032e-05   6.90335e-05   0.999931
505.825   -0.412485   -0.415145   -0.575873   -0.415155   4.99653e-05   -2.58775e-06   0   -2.58759e-06   6.18106e-05   0.999938
524.807   -0.424969   -0.427567   -0.596274   -0.427576   6.93835e-05   8.45022e-06   0   8.44975e-06   5.53434e-05   0.999945
544.503   -0.43774   -0.440298   -0.617344   -0.440307   9.27346e-05   2.03742e-05   0   2.03731e-05   4.95528e-05   0.99995
564.937   -0.450798   -0.453344   -0.639099   -0.453352   0.000120088   3.32533e-05   0   3.32518e-05   4.43681e-05   0.999956
586.138   -0.464143   -0.466707   -0.66156   -0.466715   0.00015151   4.71621e-05   0   4.71602e-05   3.97258e-05   0.99996
608.135   -0.477775   -0.48039   -0.684743   -0.480398   0.000187066   6.21805e-05   0   6.21783e-05   3.55692e-05   0.999964
630.957   -0.491695   -0.494398   -0.708669   -0.494405   0.000226818   7.83946e-05   0   7.83921e-05   3.18476e-05   0.999968
654.636   -0.505901   -0.508732   -0.733354   -0.508739   0.000270825   9.58967e-05   0   9.5894e-05   2.85153e-05   0.999971
679.204   -0.520395   -0.523395   -0.758819   -0.523401   0.000319146   0.000114786   0   0.000114783   2.55317e-05   0.999974
704.693   -0.535411   -0.53839   -0.785082   -0.538396   0.00034136   0.000135169   0   0.000135166   2.28602e-05   0.999977
731.139   -0.55078   -0.553718   -0.812161   -0.553723   0.000359604   0.00015716   0   0.000157157   2.04683e-05   0.99998
758.578   -0.56648   -0.569379   -0.840076   -0.569384   0.000376456   0.000180882   0   0.000180879   1.83266e-05   0.999982
787.046   -0.582513   -0.585376   -0.868846   -0.585381   0.000391966   0.000206466   0   0.000206463   1.6409e-05   0.999984
816.582   -0.598879   -0.601708   -0.898488   -0.601713   0.000406182   0.000234053   0   0.00023405   1.46921e-05   0.999985
847.227   -0.615576   -0.618376   -0.929022   -0.61838   0.00041915   0.000263795   0   0.000263791   1.31548e-05   0.999987
879.023   -0.632605   -0.635378   -0.960466   -0.635382   0.000430917   0.000295853   0   0.00029585   1.17784e-05   0.999988
912.011   -0.649967   -0.652713   -0.992837   -0.652716   0.000441524   0.000330401   0   0.000330397   1.05459e-05   0.999989
946.237   -0.667661   -0.670379   -1.02615   -0.670382   0.000451013   0.000367624   0   0.000367621   9.44248e-06   0.999991
981.748   -0.685686   -0.688373   -1.06043   -0.688376   0.000459425   0.000407721   0   0.000407718   8.45447e-06   0.999992
1018.59   -0.703994   -0.706691   -1.09569   -0.706694   0.000488148   0.000450905   0   0.000450902   7.56984e-06   0.999992
1056.82   -0.722571   -0.725331   -1.13194   -0.725333   0.000543087   0.000497402   0   0.000497399   6.77777e-06   0.999993
1096.48   -0.741461   -0.744285   -1.1692   -0.744288   0.000604884   0.000547456   0   0.000547453   6.06859e-06   0.999994
1137.63   -0.760665   -0.763549   -1.20749   -0.763551   0.000673573   0.000601325   0   0.000601322   5.4336e-06   0.999995
1180.32   -0.780182   -0.783114   -1.24682   -0.783117   0.000749188   0.000659286   0   0.000659283   4.86506e-06   0.999995
1224.62   -0.800013   -0.802974   -1.28719   -0.802976   0.000831761   0.000721634   0   0.000721631   4.356e-06   0.999996
1270.57   -0.820158   -0.82312   -1.32863   -0.823122   0.000921323   0.000788684   0   0.000788681   3.90021e-06   0.999996
1318.26   -0.840617   -0.84354   -1.37114   -0.843542   0.00101791   0.000860772   0   0.000860769   3.49212e-06   0.999997
1367.73   -0.861388   -0.864225   -1.41474   -0.864226   0.00112154   0.000938254   0   0.000938251   3.12672e-06   0.999997
1419.06   -0.882474   -0.88516   -1.45942   -0.885162   0.00123224   0.00102151   0   0.00102151   2.79955e-06   0.999997
1472.31   -0.903829   -0.906334   -1.5052   -0.906335   0.00134834   0.00111095   0   0.00111095   2.50662e-06   0.999997
1527.57   -0.924962   -0.92773   -1.55208   -0.927732   0.00145063   0.00120699   0   0.00120699   2.24434e-06   0.999998
1584.89   -0.946309   -0.949333   -1.60006   -0.949334   0.00155615   0.00131011   0   0.0013101   2.00951e-06   0.999998
1644.37   -0.967869   -0.971124   -1.64914   -0.971125   0.00166495   0.00142077   0   0.00142077   1.79924e-06   0.999998
1706.08   -0.989642   -0.993084   -1.69932   -0.993085   0.00177703   0.0015395   0   0.0015395   1.61098e-06   0.999998
1770.11   -1.01163   -1.01519   -1.75061   -1.01519   0.00189243   0.00166684   0   0.00166684   1.44241e-06   0.999999
1836.54   -1.03383   -1.03743   -1.80298   -1.03743   0.00201116   0.00180338   0   0.00180337   1.29149e-06   0.999999
1905.46   -1.05624   -1.05977   -1.85643   -1.05977   0.00213325   0.00194971   0   0.00194971   1.15635e-06   0.999999
1976.97   -1.07887   -1.08218   -1.91095   -1.08218   0.00225871   0.00210649   0   0.00210649   1.03536e-06   0.999999
2051.16   -1.10171   -1.10464   -1.96652   -1.10464   0.00238756   0.00227441   0   0.0022744   9.27021e-07   0.999999
2128.14   -1.12476   -1.12713   -2.02313   -1.12713   0.00251983   0.00245417   0   0.00245417   8.30022e-07   0.999999
2208   -1.1471   -1.1496   -2.08075   -1.1496   0.00269888   0.00264655   0   0.00264655   7.43173e-07   0.999999
2290.87   -1.16898   -1.17203   -2.13936   -1.17203   0.00291284   0.00285235   0   0.00285235   6.65411e-07   0.999999
2376.84   -1.19081   -1.19438   -2.19893   -1.19439   0.00314199   0.00307241   0   0.00307241   5.95785e-07   0.999999
2466.04   -1.21261   -1.21663   -2.25942   -1.21663   0.00338636   0.00330762   0   0.00330762   5.33445e-07   0.999999
2558.59   -1.23437   -1.23871   -2.3208   -1.23872   0.00364596   0.00355891   0   0.00355891   4.77628e-07   1
2654.61   -1.25609   -1.26061   -2.38302   -1.26061   0.0039208   0.00382726   0   0.00382726   4.27651e-07   1
2754.23   -1.27777   -1.28228   -2.44605   -1.28228   0.00421091   0.0041137   0   0.0041137   3.82904e-07   1
2857.59   -1.29942   -1.30367   -2.50982   -1.30367   0.00451628   0.0044193   0   0.00441929   3.42839e-07   1
2964.83   -1.32102   -1.32474   -2.57429   -1.32474   0.00483695   0.00474518   0   0.00474518   3.06966e-07   1
3076.1   -1.34259   -1.34545   -2.63939   -1.34545   0.00517292   0.00509251   0   0.00509251   2.74846e-07   1
3191.54   -1.36355   -1.36573   -2.70506   -1.36574   0.00553724   0.00546253   0   0.00546253   2.46088e-07   1
3311.31   -1.38249   -1.38556   -2.77122   -1.38556   0.0059621   0.00585649   0   0.00585649   2.20338e-07   1
3435.58   -1.40096   -1.40486   -2.83781   -1.40487   0.00641209   0.00627574   0   0.00627573   1.97283e-07   1
3564.51   -1.41897   -1.4236   -2.90474   -1.4236   0.0068872   0.00672163   0   0.00672163   1.7664e-07   1
3698.28   -1.43651   -1.44172   -2.97192   -1.44172   0.00738744   0.0071956   0   0.0071956   1.58158e-07   1
3837.07   -1.45359   -1.45915   -3.03926   -1.45915   0.00791284   0.00769912   0   0.00769912   1.41609e-07   1
3981.07   -1.47019   -1.47585   -3.10666   -1.47585   0.00846339   0.00823371   0   0.00823371   1.26791e-07   1
4130.48   -1.48634   -1.49176   -3.17402   -1.49176   0.00903911   0.00880096   0   0.00880096   1.13525e-07   1
4285.49   -1.50201   -1.50682   -3.24123   -1.50682   0.00964   0.00940247   0   0.00940247   1.01646e-07   1
4446.31   -1.51722   -1.52097   -3.30818   -1.52097   0.0102661   0.0100399   0   0.0100399   9.10102e-08   1
4613.18   -1.53197   -1.53415   -3.37475   -1.53415   0.0109174   0.010715   0   0.010715   8.14873e-08   1
4786.3   -1.5436   -1.5463   -3.4408   -1.5463   0.011658   0.0114294   0   0.0114294   7.29609e-08   1
4965.92   -1.55373   -1.55738   -3.50623   -1.55738   0.0124492   0.012185   0   0.012185   6.53266e-08   1
5152.29   -1.56282   -1.5673   -3.57088   -1.5673   0.0132794   0.0129836   0   0.0129836   5.84911e-08   1
5345.64   -1.57088   -1.57603   -3.63462   -1.57603   0.0141485   0.013827   0   0.013827   5.23709e-08   1
5546.26   -1.57792   -1.5835   -3.69731   -1.5835   0.0150564   0.0147171   0   0.0147171   4.68911e-08   1
5754.4   -1.58392   -1.58965   -3.75881   -1.58965   0.0160034   0.0156558   0   0.0156558   4.19846e-08   1
5970.35   -1.58889   -1.59444   -3.81896   -1.59444   0.0169892   0.016645   0   0.016645   3.75915e-08   1
6194.41   -1.59284   -1.5978   -3.87761   -1.5978   0.018014   0.0176866   0   0.0176866   3.36581e-08   1
6426.88   -1.59575   -1.5997   -3.93461   -1.5997   0.0190777   0.0187824   0   0.0187824   3.01363e-08   1
6668.07   -1.59763   -1.60007   -3.9898   -1.60007   0.0201804   0.0199346   0   0.0199346   2.6983e-08   1
6918.31   -1.59729   -1.59888   -4.04302   -1.59888   0.0213662   0.0211448   0   0.0211448   2.41596e-08   1
7177.94   -1.59386   -1.59609   -4.09412   -1.59609   0.0226666   0.0224151   0   0.0224151   2.16317e-08   1
7447.32   -1.58887   -1.59164   -4.14293   -1.59164   0.0240256   0.0237472   0   0.0237472   1.93682e-08   1
7726.81   -1.58232   -1.58552   -4.18931   -1.58552   0.025443   0.0251431   0   0.0251431   1.73416e-08   1
8016.78   -1.57421   -1.57768   -4.2331   -1.57768   0.0269191   0.0266044   0   0.0266044   1.55271e-08   1
8317.64   -1.56454   -1.56811   -4.27414   -1.56811   0.0284536   0.028133   0   0.028133   1.39024e-08   1
8629.79   -1.55331   -1.55677   -4.31228   -1.55677   0.0300467   0.0297305   0   0.0297305   1.24477e-08   1
8953.65   -1.54052   -1.54366   -4.34739   -1.54366   0.0316984   0.0313985   0   0.0313985   1.11453e-08   1
9289.66   -1.52617   -1.52875   -4.37931   -1.52875   0.0334086   0.0331385   0   0.0331385   9.97907e-09   1
9638.29   -1.51025   -1.51205   -4.40792   -1.51205   0.0351773   0.0349521   0   0.0349521   8.93491e-09   1
